
***********Nodes************

Bathroom
891    87H52H52+8MF    41.00830810487141    -76.44831836923318
892    87H52H52+9J5    41.0083837255887    -76.44837921082122
893    87H52H52+9JG    41.00843189014323    -76.44840922799453
894    87H52H52+9JX    41.008485913982014    -76.44838553048197
895    87H52H52+9M8    41.00841755996477    -76.44830616550058
896    87H52H52+8PV    41.008352603581905    -76.44821812110071
897    87H52H52+8QR    41.00836910461903    -76.44810282672513
898    87H52H52+9R6    41.00841781643711    -76.4479844760861
899    87H52H52+8RR    41.008351877653666    -76.44798658617928
900    87H52H52+8QP    41.00832836644049    -76.44805464293457
901    87H52H52+8P8    41.00827673757344    -76.44816132359317
902    87H52H52+7J4    41.008130397593575    -76.4484138451007
903    87H52H52+7J9    41.00817028063365    -76.44837862364751
904    87H52H52+7J5    41.00812879958667    -76.44837544906288
905    87H52H52+6MV    41.00810139278633    -76.44832341425366
906    87H52H52+6JX    41.00810247264648    -76.44837990676463
907    87H52H52+6MG    41.00805769857811    -76.44830392017735
908    87H52H52+6MC    41.00805511563501    -76.44835193066204
909    87H52H52+6PJ    41.00809291538349    -76.44824056665362
910    87H52H52+6MH    41.00807439185075    -76.44826871587928
911    87H52H52+6PR    41.00810330730486    -76.44822362769017
912    87H52H52+6PW    41.008120373697516    -76.44816789448343
913    87H52H52+6PP    41.008092291055235    -76.44818401583159
914    87H52H52+8M7    41.008280483090715    -76.4483166462573
915    87H52H52+8P4    41.008263538847785    -76.44817908313156
916    87H52H52+7M7    41.00816151021968    -76.44832303335404
917    87H52H52+7MC    41.00817848782711    -76.44836662679879

Elevator
836    87H52H52+7M8    41.0081742582421    -76.44830731063549

Point
837    87H52H52+7M8    41.00815099248936    -76.44828861837433
838    87H52H52+7M4    41.00813329104528    -76.44829440222277
839    87H52H52+7M3    41.008140263919465    -76.44833584615625
840    87H52H52+7M3    41.008145370779445    -76.44834003822979
841    87H52H52+7M6    41.0081512227501    -76.4483446709549
842    87H52H52+7M2    41.00813893135303    -76.44835351840527
843    87H52H52+7M6    41.00815318802525    -76.4483649576875
844    87H52H52+6MV    41.00812125556785    -76.44833934793425
845    87H52H52+6MF    41.00807189522095    -76.44831531551928
846    87H52H52+6MP    41.008093047538566    -76.44828364006726
847    87H52H52+6MX    41.00810757793451    -76.4482523513718
848    87H52H52+6PR    41.00811615822259    -76.44823393301581
849    87H52H52+7P2    41.00812727258026    -76.44824281892969
850    87H52H52+7P2    41.008125306768655    -76.44824733872316
851    87H52H52+7P3    41.008126612558605    -76.44821153490697
852    87H52H52+6PV    41.00810720834219    -76.44819593399394
853    87H52H52+7P7    41.00815191976068    -76.44818996934524
854    87H52H52+7PF    41.00818435423319    -76.4482159235196
855    87H52H52+7M9    41.00816292352044    -76.44826232927848
856    87H52H52+7MQ    41.00820529029023    -76.44827003316013
857    87H52H52+7MM    41.00821420783281    -76.44832069681445
858    87H52H52+8P2    41.00826885507664    -76.44824832419141
859    87H52H52+8MH    41.008300372863104    -76.44827351037911
860    87H52H52+8MP    41.00834845325537    -76.44831197281282
861    87H52H52+8MW    41.00835589714428    -76.44829618212331
862    87H52H52+8MV    41.00836007759212    -76.44832122023934
863    87H52H52+8MV    41.00836402752397    -76.44832470927788
864    87H52H52+9M3    41.0083779430713    -76.44833569313981
865    87H52H52+9M3    41.00838654759318    -76.44831669288706
866    87H52H52+9M2    41.00839673371978    -76.44835088297461
867    87H52H52+9M6    41.0084218808105    -76.4483710594809
868    87H52H52+9JH    41.00844209544755    -76.4483872324237
869    87H52H52+9MJ    41.00845499197723    -76.4483594972564
870    87H52H52+9MR    41.008480021575814    -76.44835108130394
871    87H52H52+CM3    41.00850830666179    -76.44834138999202
872    87H52H52+9MR    41.00849810497779    -76.44836346309735
873    87H52H52+CJ5    41.00852124538154    -76.44838205294273
874    87H52H52+8PJ    41.0083429360793    -76.44822148169365
875    87H52H52+8P7    41.008290822737735    -76.44820103115987
876    87H52H52+8P7    41.00828214566139    -76.44819385262112
877    87H52H52+8PH    41.008318279804776    -76.44814194871749
878    87H52H52+8PQ    41.008330301462486    -76.44815153552065
879    87H52H52+8PQ    41.00832585531219    -76.44812543338796
880    87H52H52+8QJ    41.00833031007907    -76.4481161285943
881    87H52H52+8QJ    41.008338001772294    -76.44809938601557
882    87H52H52+8QR    41.00835049641312    -76.4481093054107
883    87H52H52+8QV    41.00835041242921    -76.44807224020239
884    87H52H52+8QW    41.0083683343706    -76.44803409190582
885    87H52H52+9Q5    41.008379924252786    -76.44800900574216
886    87H52H52+9Q5    41.00839830777861    -76.4480238387334
887    87H52H52+9Q9    41.00842306005996    -76.4480154188685
888    87H52H52+9QH    41.00844149733156    -76.4480090618838
889    87H52H52+9RC    41.00843799833691    -76.44798891210307
890    87H52H52+9RM    41.00845179481438    -76.44795893764201
********
Total # of nodes: 82 **********

***********Edges************

836 837
837 838
837 856
838 839
838 845
838 850
839 840
840 841
840 842
841 916
841 917
842 843
842 904
842 844
843 903
843 902
844 905
844 906
845 908
845 907
846 910
847 846
847 909
848 911
848 847
848 851
849 848
849 853
850 849
851 852
852 912
852 913
853 854
854 855
856 857
856 858
858 859
858 875
859 914
859 891
859 860
860 861
861 862
861 874
862 860
862 863
863 864
864 865
864 866
865 863
865 895
866 892
866 867
867 868
867 869
868 893
869 868
869 870
870 894
870 871
871 872
872 873
874 896
875 876
875 877
876 901
876 915
877 879
877 878
878 879
878 874
879 880
880 881
880 882
881 883
882 881
882 897
883 900
883 884
884 885
885 886
885 899
886 884
886 887
887 898
887 888
888 889
889 890
Total # of Edges: 88