
***********Nodes************

Bathroom
808    87H52H52+8MF    41.008307518446685    -76.44831744866417
809    87H52H52+9J5    41.00838351315945    -76.44837801295772
810    87H52H52+9JG    41.008431792283666    -76.44840812508541
811    87H52H52+9JX    41.00848577280523    -76.44838456069182
812    87H52H52+9M8    41.008417176355024    -76.44830518103116
813    87H52H52+8PV    41.008352530592    -76.44821696846259
814    87H52H52+8MQ    41.00833379450762    -76.448265548912
815    87H52H52+8QR    41.00836844393606    -76.44810207190088
816    87H52H52+9R6    41.00841543581697    -76.44798175441476
817    87H52H52+8RR    41.00835642050829    -76.44798977868446
818    87H52H52+8QP    41.00832717360337    -76.44805705350161
819    87H52H52+8P8    41.00827605089807    -76.4481599277227
820    87H52H52+7J9    41.008173887605395    -76.44838449009899
821    87H52H52+7J4    41.008130675558164    -76.44841750527965
822    87H52H52+7M2    41.008128180804896    -76.44837455625742
823    87H52H52+6MV    41.008101247249044    -76.44832630875594
824    87H52H52+6JX    41.00810285451644    -76.4483831997128
825    87H52H52+6MC    41.008054088931175    -76.44835096804
826    87H52H52+6MG    41.00805674758746    -76.4483023119692
827    87H52H52+6MQ    41.00808023592579    -76.44825411094028
828    87H52H52+6MH    41.008073709823286    -76.44826740865217
829    87H52H52+6PR    41.0081024977767    -76.44822230066724
830    87H52H52+6PP    41.00809132216691    -76.44818242327126
831    87H52H52+7P3    41.00813587194887    -76.44818874024418
832    87H52H52+8M7    41.00827992746499    -76.44831554748781
833    87H52H52+8P4    41.00826287813911    -76.44817774516466
834    87H52H52+7M7    41.00815864416554    -76.44832655868107
835    87H52H52+7MC    41.00817775321389    -76.44836523658486

Elevator
745    87H52H52+7M8    41.00817418380435    -76.44830654132517

Point
746    87H52H52+7MQ    41.00820457934147    -76.44826888971598
747    87H52H52+7M8    41.00815019456483    -76.44828713297831
748    87H52H52+7M4    41.00813264004092    -76.44829309804251
749    87H52H52+7M3    41.00813979079081    -76.44833481628665
750    87H52H52+7M3    41.008144669881666    -76.44833863534416
751    87H52H52+7M7    41.00815067419906    -76.44834355059659
752    87H52H52+7M2    41.00813705398385    -76.44835502392286
753    87H52H52+7M6    41.008153580142285    -76.44836831227822
754    87H52H52+6MV    41.008121635273056    -76.44834270474433
755    87H52H52+6MF    41.00807114938623    -76.44831404253246
756    87H52H52+6PR    41.00812448556158    -76.44824625505993
757    87H52H52+7P2    41.00812654260485    -76.4482416246162
758    87H52H52+6PR    41.00811545905501    -76.44823267816429
759    87H52H52+6MQ    41.00809862218719    -76.44826894438525
760    87H52H52+6MP    41.008092322324536    -76.44828244646742
761    87H52H52+7P3    41.00812586855088    -76.44821029574298
762    87H52H52+7P7    41.00815113695194    -76.44818868723392
763    87H52H52+7P7    41.008174629437235    -76.44820750790201
764    87H52H52+7PF    41.00818381468693    -76.44821483285043
765    87H52H52+7M9    41.00816229215085    -76.4482611812514
766    87H52H52+7M9    41.00815305261423    -76.448253760798
767    87H52H52+7MM    41.008213936555855    -76.44832265662023
768    87H52H52+7MV    41.00822812369347    -76.44831792660176
769    87H52H52+7MQ    41.00821857368646    -76.4482640975822
770    87H52H52+8P2    41.008268404969016    -76.4482471377861
771    87H52H52+8MH    41.00830002088736    -76.44827250780901
772    87H52H52+8MP    41.00834793285083    -76.44831097141655
773    87H52H52+8MW    41.00835535776072    -76.4482954662355
774    87H52H52+8MQ    41.00834940881154    -76.44826015214669
775    87H52H52+8PJ    41.008342410425044    -76.44822043177322
776    87H52H52+8MV    41.00835954258668    -76.44832031710811
777    87H52H52+8MV    41.00836346156967    -76.4483234143506
778    87H52H52+9M3    41.008377501617986    -76.4483346545676
779    87H52H52+9M3    41.00838623691286    -76.44831571259957
780    87H52H52+9M2    41.00839656241862    -76.44834988237777
781    87H52H52+9M6    41.00842159596924    -76.44837006664183
782    87H52H52+9JH    41.008441802860744    -76.44838640194693
783    87H52H52+9MJ    41.00845471023669    -76.44835865015891
784    87H52H52+9MR    41.00847998698153    -76.44835009704768
785    87H52H52+CM3    41.00850815129363    -76.44834066142526
786    87H52H52+9MR    41.00849761318059    -76.44836369866886
787    87H52H52+CJ5    41.008521110045265    -76.44838256913326
788    87H52H52+CM3    41.00851796820823    -76.4483370982105
789    87H52H52+CM6    41.00853562816523    -76.44835126253426
790    87H52H52+8P7    41.00829022473865    -76.44819984109279
791    87H52H52+8P7    41.00828142388048    -76.44819272256282
792    87H52H52+8PH    41.00831763763297    -76.44814092694295
793    87H52H52+8PQ    41.00832967770761    -76.44815032936447
794    87H52H52+8QJ    41.008325221651795    -76.44812441456831
795    87H52H52+8QJ    41.008329517723254    -76.44811515125038
796    87H52H52+8QR    41.008350020339606    -76.44810844752361
797    87H52H52+8QJ    41.00833735750265    -76.44809825983707
798    87H52H52+8QM    41.00834850642995    -76.44807417569032
799    87H52H52+8QW    41.008366625328065    -76.448035332305
800    87H52H52+9Q5    41.00837933142903    -76.44800806204167
801    87H52H52+9Q5    41.00839964123116    -76.44802430592186
802    87H52H52+9Q9    41.00842130238397    -76.44801676400499
803    87H52H52+9QH    41.008441060090504    -76.44801022621054
804    87H52H52+9RC    41.00843745080242    -76.44798715322665
805    87H52H52+9RF    41.008448926458826    -76.44796246867466
806    87H52H52+9QQ    41.00845946307364    -76.44800378186787
807    87H52H52+9RJ    41.00847068397797    -76.44798003019054

Stairs
741    87H52H52+7MM    41.00822295489729    -76.4483197415052
742    87H52H52+CM6    41.00852590076231    -76.44837201280136
743    87H52H52+9RM    41.00845500723051    -76.44796735380255
744    87H52H52+7M9    41.00815601370179    -76.44825614803617
********
Total # of nodes: 95 **********

***********Edges************

821 753
823 754
824 754
746 769
746 767
746 747
747 745
747 748
748 749
748 755
748 756
749 750
750 752
750 751
751 834
751 835
752 822
752 753
752 754
753 820
755 826
755 825
756 757
757 758
757 762
758 829
758 759
758 761
759 760
759 827
760 828
761 831
761 830
762 763
763 764
763 766
764 765
766 744
768 741
769 768
769 770
770 790
770 771
771 832
771 808
771 772
772 773
772 776
773 776
773 774
774 814
774 775
775 813
776 777
777 778
778 779
778 780
779 777
779 812
780 809
780 781
781 782
782 783
782 810
783 781
783 784
784 811
784 785
785 786
785 788
786 787
788 789
789 742
790 791
790 792
791 819
791 833
792 793
792 794
793 775
794 795
794 793
795 797
796 795
796 815
797 796
797 798
798 818
798 799
799 800
800 801
800 817
801 799
801 802
802 816
802 803
803 806
804 803
805 804
806 807
807 743
Total # of Edges: 101