
***********Nodes************

Bathroom
706    87H52H52+8MF    41.00830812805294    -76.44831791413671
707    87H52H52+9J5    41.00838318468405    -76.44837817514012
708    87H52H52+9JG    41.008431442011506    -76.44840807387027
709    87H52H52+9JX    41.0084857007157    -76.44838453394021
710    87H52H52+9M8    41.00841708298625    -76.44830487616022
711    87H52H52+8MQ    41.008328707501384    -76.44826176350445
712    87H52H52+8PF    41.008320181900274    -76.44819350840642
713    87H52H52+8PW    41.00836211336531    -76.44815689497047
714    87H52H52+9M5    41.00837782352763    -76.44826309234743
715    87H52H52+8QR    41.008368558035976    -76.44810165403653
716    87H52H52+9R7    41.00841060602532    -76.44796138665866
717    87H52H52+9R7    41.00841750447247    -76.44794633167426
718    87H52H52+8RJ    41.00834161633879    -76.44798310173287
719    87H52H52+8RM    41.008348675633115    -76.44796846730421
720    87H52H52+8QF    41.00830131497469    -76.44808059665222
721    87H52H52+8QP    41.00833649242574    -76.44803652157754
722    87H52H52+8P5    41.00827066604191    -76.44813424880546
723    87H52H52+8Q6    41.008277255859205    -76.44811897602821
724    87H52H52+7J5    41.00813599607835    -76.44840542870033
725    87H52H52+7J9    41.008162831751854    -76.44839819042024
726    87H52H52+7M2    41.008128024629464    -76.44837433111081
727    87H52H52+6MR    41.00810963142744    -76.44836783941771
728    87H52H52+6MV    41.00810163078906    -76.44832627424097
729    87H52H52+6MC    41.00805388153455    -76.44835070681027
730    87H52H52+6MG    41.008056538276456    -76.44830193568204
731    87H52H52+6MQ    41.00808013843372    -76.44825370510804
732    87H52H52+6MH    41.00807359769773    -76.44826720843739
733    87H52H52+6PR    41.00810271131349    -76.44822204963012
734    87H52H52+6PM    41.008098972457255    -76.44818853110858
735    87H52H52+7P3    41.008135592648465    -76.44818882392332
736    87H52H52+8M7    41.00828032459636    -76.44831611219055
737    87H52H52+8P4    41.00826185296256    -76.44817712380065
738    87H52H52+7M7    41.00815847264369    -76.44832626871364
739    87H52H52+7MC    41.00817741476988    -76.44836475629891

Entrance
619    87H52H52+7PG    41.00819826453061    -76.4481866717607
620    87H52H52+7MJ    41.008224963864805    -76.44834699796752
621    87H52H52+CM3    41.0085011825708    -76.4483130741813
622    87H52H52+9QP    41.00845382711759    -76.44803833299903

Elevator
629    87H52H52+7M8    41.00817375397933    -76.44830592956968

Point
630    87H52H52+7MQ    41.00820443653609    -76.4482685149121
631    87H52H52+7M8    41.008150285411865    -76.44828693951045
632    87H52H52+7M4    41.00813247229257    -76.44829280396856
633    87H52H52+7M3    41.00813954027501    -76.44833436675806
634    87H52H52+7M3    41.00814449649734    -76.44833834958285
635    87H52H52+7M7    41.008150485041405    -76.44834323998803
636    87H52H52+7M2    41.00814288864952    -76.44835945480038
637    87H52H52+7M2    41.00813688309478    -76.44835465078341
638    87H52H52+6MV    41.00812148187774    -76.44834224391478
639    87H52H52+7M6    41.008153331540484    -76.4483679344069
640    87H52H52+7J5    41.00814573999212    -76.44838442926559
641    87H52H52+6MF    41.00807104791238    -76.44831363703913
642    87H52H52+6PR    41.00812447486682    -76.4482457619788
643    87H52H52+7P2    41.008126346862575    -76.44824120244817
644    87H52H52+6PR    41.008115320255705    -76.44823232143125
645    87H52H52+6MQ    41.00809854226671    -76.4482685374643
646    87H52H52+6MP    41.00809221361473    -76.44828208112025
647    87H52H52+7P3    41.00812576712773    -76.44820986663075
648    87H52H52+7P7    41.00815117889661    -76.44818832225273
649    87H52H52+7P7    41.00817450668508    -76.44820713618846
650    87H52H52+7M9    41.008153465900335    -76.44825218250583
651    87H52H52+7MQ    41.008212119121644    -76.44826574484539
652    87H52H52+7MQ    41.00821873750994    -76.44826352584076
653    87H52H52+7MM    41.00822141576533    -76.44832555396582
654    87H52H52+7MV    41.00822862522569    -76.44832294414482
655    87H52H52+7MV    41.00822781205126    -76.44831737996164
656    87H52H52+7MM    41.008214850668494    -76.44832769847032
657    87H52H52+7MM    41.00821375751503    -76.44832231150427
658    87H52H52+8P2    41.00826811331486    -76.4482466896141
659    87H52H52+8MH    41.00830045738204    -76.44827262989516
660    87H52H52+8MP    41.008347833455616    -76.44831052371666
661    87H52H52+8MW    41.00835526301262    -76.44829469663264
662    87H52H52+8MV    41.008359533481766    -76.44831997000878
663    87H52H52+8MV    41.00836353194079    -76.44832306146816
664    87H52H52+8MX    41.008351395040776    -76.44827195867921
665    87H52H52+8MQ    41.008344358975485    -76.44827442032255
666    87H52H52+9M3    41.008377260231    -76.44833415278613
667    87H52H52+9M3    41.00838601203938    -76.44831533351397
668    87H52H52+9M2    41.00839629607873    -76.44834953161704
669    87H52H52+9M6    41.008421529065814    -76.44836975506243
670    87H52H52+9JH    41.0084416477516    -76.4483859703487
671    87H52H52+9MJ    41.00845457862056    -76.44835826511554
672    87H52H52+9MR    41.008479800821    -76.44834986914323
673    87H52H52+CM3    41.008505879220166    -76.44834097537276
674    87H52H52+CM3    41.00851792865171    -76.44833665524924
675    87H52H52+CM6    41.00853501723494    -76.4483505296479
676    87H52H52+8P7    41.00828627243213    -76.44820757121022
677    87H52H52+8P7    41.00829004732626    -76.44819974668422
678    87H52H52+8P7    41.00829305701011    -76.44819312639719
679    87H52H52+8P7    41.00828398664762    -76.44819492705643
680    87H52H52+8P7    41.008279072605085    -76.4481909841223
681    87H52H52+8P8    41.00828216143182    -76.44818432676468
682    87H52H52+8P8    41.00827888294485    -76.44816461856598
683    87H52H52+8P9    41.00828687841208    -76.44814717319777
684    87H52H52+8P9    41.00829370377682    -76.44813218297696
685    87H52H52+8PH    41.00831752563067    -76.4481405389571
686    87H52H52+8PQ    41.00832949742764    -76.4481500759166
687    87H52H52+8PP    41.008332455656266    -76.4481667592856
688    87H52H52+8QJ    41.008325052281215    -76.44812425987391
689    87H52H52+8QJ    41.008329403785865    -76.44811473418855
690    87H52H52+8QJ    41.00833727691987    -76.44809788825718
691    87H52H52+8QJ    41.00834976401183    -76.44810790766194
692    87H52H52+8QM    41.008348477463635    -76.44807381585416
693    87H52H52+8QP    41.008327213216944    -76.44805668427098
694    87H52H52+8QW    41.008366532213856    -76.44803501124272
695    87H52H52+9Q5    41.0083774050058    -76.4480117808004
696    87H52H52+8RR    41.008355696146076    -76.44799435465724
697    87H52H52+8RR    41.00836243056463    -76.4479794917576
698    87H52H52+9Q5    41.00839453119912    -76.44802552569261
699    87H52H52+9Q9    41.00842139485139    -76.44801638400634
700    87H52H52+9R6    41.00841746501648    -76.44799379030013
701    87H52H52+9RC    41.00842648391077    -76.44797426591647
702    87H52H52+9RF    41.008433467322625    -76.44795916398239
703    87H52H52+9QH    41.008448574089556    -76.44800731404132
704    87H52H52+9QQ    41.008459649002944    -76.4480031218269
705    87H52H52+9RJ    41.00847051120611    -76.44797964866198
740    87H52H52+8QF    41.0083188600984    -76.4480748729305

Stairs
623    87H52H52+7MM    41.00822131877668    -76.44831987158697
624    87H52H52+CJ5    41.00852296196946    -76.4483764871759
625    87H52H52+9RM    41.00845650814596    -76.44796836279355
626    87H52H52+7M9    41.00815932127234    -76.44825701722613
627    87H52H52+7MP    41.00821030847632    -76.4483020676099
628    87H52H52+7MP    41.00822426334231    -76.44829763546653
********
Total # of nodes: 122 **********

***********Edges************

619 651
620 653
630 627
630 631
631 629
631 632
632 633
632 641
632 642
633 634
634 637
635 634
635 738
635 739
636 635
636 639
637 636
637 726
637 638
638 727
638 728
639 640
640 725
640 724
641 729
641 730
642 643
643 644
643 648
644 645
644 733
644 647
645 646
645 731
646 732
647 735
647 734
648 649
649 650
650 626
651 652
651 630
652 658
653 654
654 655
655 623
655 628
656 653
657 656
658 659
658 676
659 736
659 706
659 660
660 662
660 661
661 664
662 663
662 661
663 666
664 665
664 714
665 711
666 667
666 668
667 663
667 710
668 707
668 669
669 670
670 708
670 671
671 669
671 672
672 709
672 673
673 621
673 674
674 675
675 624
676 677
677 678
677 679
678 681
678 685
679 681
679 676
680 679
680 737
681 680
681 682
682 683
683 684
683 722
684 723
685 688
685 686
686 688
686 687
687 712
687 713
688 689
689 690
690 691
690 692
691 689
691 715
692 693
692 694
693 721
693 740
694 698
695 694
695 696
696 697
696 718
697 719
698 695
698 699
699 700
699 703
700 701
701 702
701 716
702 717
703 622
703 704
704 705
705 625
740 720
627 657
628 652
Total # of Edges: 132