
***********Nodes************

Bathroom
614    87H52H52+9JX    41.008486671301284    -76.44838697551879
615    87H52H52+9MG    41.008433100165476    -76.4482927376754
616    87H52H52+8PM    41.008348589066145    -76.44821786185094
617    87H52H52+8M8    41.00828896375872    -76.44830255577513
618    87H52H52+8P4    41.00827295334285    -76.44818329601011

Entrance
597    87H52H52+9P7    41.008422160970945    -76.44821055425577

Elevator
599    87H52H52+7M8    41.00817447874377    -76.44830778026804

Point
600    87H52H52+7M8    41.00815169880577    -76.44828933832741
601    87H52H52+7MQ    41.00821737204852    -76.44826696935345
602    87H52H52+7MV    41.00822594319983    -76.44831771480763
603    87H52H52+8P2    41.00827246329127    -76.44824788467099
604    87H52H52+8MH    41.00830287703984    -76.44827255977509
605    87H52H52+8P6    41.00828530558914    -76.44822018221437
606    87H52H52+8P7    41.008294328808155    -76.44820045801154
607    87H52H52+8PM    41.008331811098394    -76.4482043040792
608    87H52H52+8PR    41.0083639598612    -76.4482302280499
609    87H52H52+8MV    41.00836834487208    -76.4483250334073
610    87H52H52+9MC    41.00842888941017    -76.44837358920788
611    87H52H52+9MC    41.00843857053672    -76.44837004154525
612    87H52H52+9MG    41.00842730953541    -76.4483046593357
613    87H52H52+9MR    41.00848136922755    -76.44835602418523

Stairs
598    87H52H52+7MM    41.00821991003829    -76.44831990383118
********
Total # of nodes: 22 **********

***********Edges************

616 608
597 608
599 600
600 601
601 602
601 603
602 598
603 605
603 604
604 617
604 609
605 606
605 607
606 618
607 616
609 612
609 610
610 611
611 613
612 611
612 615
613 614
Total # of Edges: 22