
***********Nodes************

Bathroom
2393    87H52H53+JVV    41.009112817216085    -76.44532779657955
2394    87H52H53+JRQ    41.00909129751691    -76.4453752096012
2395    87H52H53+JRH    41.009062416485094    -76.44539989717413
2396    87H52H53+JR7    41.00903042582883    -76.44544934691817
2397    87H52H53+JV3    41.00900324874888    -76.44533471812883
2398    87H52H53+JR9    41.0090254025408    -76.44538677169808
2399    87H52H53+HVM    41.008961035127186    -76.44532941096591
2400    87H52H53+HVJ    41.008954066200566    -76.44534652671626
2401    87H52H53+HRQ    41.00896107824367    -76.44538944751169
2402    87H52H53+HRW    41.00898573060664    -76.44540676771125
2403    87H52H53+JR4    41.00900789080251    -76.44542497872831
2404    87H52H53+MQ8    41.00917462593102    -76.44553594002596
2405    87H52H53+MRC    41.00919052530845    -76.44549931328052
2406    87H52H53+MRG    41.00917933595211    -76.44540645190766
2407    87H52H53+MVM    41.00921985858825    -76.44532393880968
2408    87H52H53+MRW    41.00922577197348    -76.44542450409432
2409    87H52H53+PV6    41.0092766229559    -76.44534711417941
2410    87H52H53+PV4    41.009270202261376    -76.44529259940867
2411    87H52H53+MVX    41.009241170067284    -76.4452765504505
2412    87H52H53+PXP    41.0093284757029    -76.4450486580767
2413    87H52H53+PXH    41.0093041898244    -76.4450282519724
2414    87H52H53+PX9    41.00927892619787    -76.44501062382831
2415    87H52H53+JW5    41.00901489104575    -76.44515007253882
2416    87H52H53+JW7    41.00902524329193    -76.44519872916031
2417    87H52H53+HWR    41.00899817122905    -76.44524647373188
2418    87H52H53+HWR    41.008990464684686    -76.44524011818902
2419    87H52H53+HWJ    41.008958317167    -76.4452210022441
2420    87H52H53+HWC    41.00894549332442    -76.44524917576776
2421    87H52H53+HVW    41.008986049684914    -76.44528877562743
2422    87H52H53+JWC    41.00905333020393    -76.44522778374689
2423    87H52H53+JWJ    41.009080142976515    -76.4452474107616

Elevator
2327    87H52H53+MR9    41.00916756692604    -76.44538699374343
2328    87H52H53+PXV    41.009359693608374    -76.44507121394192

Point
2329    87H52H53+MV3    41.00913338772717    -76.44531656727125
2330    87H52H53+MV4    41.009143721621605    -76.44529369087304
2331    87H52H53+MV4    41.00913056894016    -76.4452833016706
2332    87H52H53+JVW    41.009120169029835    -76.44530608060171
2333    87H52H53+JVP    41.009089723306346    -76.44528205387476
2334    87H52H53+JVX    41.00910009462655    -76.44525921422837
2335    87H52H53+JVR    41.00911893606759    -76.44534853627157
2336    87H52H53+JVR    41.00911259109807    -76.445362355911
2337    87H52H53+JVR    41.00910134236144    -76.44535335644049
2338    87H52H53+MV2    41.00914860310725    -76.44537200015311
2339    87H52H53+JRW    41.00912445063545    -76.4454253178803
2340    87H52H53+JRQ    41.00909485600002    -76.44540185630022
2341    87H52H53+JRP    41.009086774734804    -76.44541917424779
2342    87H52H53+JRC    41.00906188543496    -76.44547413054077
2343    87H52H53+JR9    41.00904253602699    -76.44538427727477
2344    87H52H53+JR8    41.00904101966296    -76.44542557216363
2345    87H52H53+JR8    41.00902791601518    -76.44541528930462
2346    87H52H53+JR5    41.00901646778972    -76.44540618786858
2347    87H52H53+HRX    41.00899418303806    -76.44538850871388
2348    87H52H53+HVJ    41.00897015994815    -76.44536942063004
2349    87H52H53+HVJ    41.00896489349816    -76.44536529844834
2350    87H52H53+HVJ    41.008968363822106    -76.44535781245455
2351    87H52H53+HVV    41.00897584026805    -76.44534105718189
2352    87H52H53+HVV    41.008985262799534    -76.44532050372675
2353    87H52H53+JV5    41.009004729446936    -76.44527749637548
2354    87H52H53+HVX    41.00899475237417    -76.44526938418048
2355    87H52H53+HVX    41.008989566428596    -76.44526539337826
2356    87H52H53+HVX    41.00898162651332    -76.44525913690883
2357    87H52H53+HWJ    41.00895173109751    -76.44523541167483
2358    87H52H53+JW8    41.00904606238577    -76.44518650867897
2359    87H52H53+JW8    41.00903471681363    -76.44517761221793
2360    87H52H53+JW8    41.009038688327834    -76.44516881689063
2361    87H52H53+JW9    41.00904934900403    -76.44514512590398
2362    87H52H53+JW9    41.00903501476816    -76.44513394209768
2363    87H52H53+JW9    41.00902813900572    -76.44514927951523
2364    87H52H53+JX2    41.009005652630194    -76.44511043958225
2365    87H52H53+HWX    41.00899863468204    -76.44512586695153
2366    87H52H53+JWF    41.00906518373596    -76.44520155501257
2367    87H52H53+JWJ    41.00909164313574    -76.44522257029337
2368    87H52H53+MV9    41.00915362630884    -76.44527185745228
2369    87H52H53+MVG    41.0091833336142    -76.44529516605867
2370    87H52H53+MVV    41.009232677549406    -76.44533420926172
2371    87H52H53+PV4    41.00925658074939    -76.44528197942797
2372    87H52H53+PV8    41.00928141752761    -76.4453015938499
2373    87H52H53+PV3    41.00926508422781    -76.44533803049247
2374    87H52H53+MVV    41.00924404124024    -76.44534318010915
2375    87H52H53+MRQ    41.00921635906294    -76.44540395212941
2376    87H52H53+MRH    41.00918996461366    -76.44538297257604
2377    87H52H53+MRW    41.00923019796408    -76.44541476698578
2378    87H52H53+MR7    41.00915855556809    -76.44545240715041
2379    87H52H53+MRC    41.00918358534225    -76.44547209980753
2380    87H52H53+MRC    41.00917630797296    -76.4454881266576
2381    87H52H53+MQ9    41.00915992882679    -76.44552411153082
2382    87H52H53+PX5    41.009265432608025    -76.44502538389479
2383    87H52H53+PX5    41.009270394220685    -76.44502936752058
2384    87H52H53+PX8    41.0092949874155    -76.44504877342021
2385    87H52H53+PXF    41.009319601200325    -76.44506821932292
2386    87H52H53+PXR    41.009361087283295    -76.44510095933022
2387    87H52H53+PXV    41.00936537910539    -76.44509140217133
2388    87H52H53+PXV    41.0093706346275    -76.44507977734308
2389    87H52H53+QX2    41.009380029547984    -76.44510291112354
2390    87H52H53+QX2    41.00939243882586    -76.44511264302206
2391    87H52H53+QX8    41.00940143533268    -76.4450556336896
2392    87H52H53+QX7    41.009413922101594    -76.44506551091358

Stairs
2324    87H52H53+JVQ    41.009093884826314    -76.44527273674186
2325    87H52H53+JX2    41.00900103665053    -76.44512075764669
2326    87H52H53+QX8    41.009409697049826    -76.4450621058887
********
Total # of nodes: 100 **********

***********Edges************

2395 2343
2396 2342
2406 2378
2407 2411
2407 2370
2410 2372
2329 2330
2329 2335
2330 2331
2330 2368
2331 2332
2332 2333
2332 2329
2333 2324
2334 2331
2335 2336
2336 2337
2336 2340
2337 2393
2337 2394
2338 2335
2338 2327
2339 2338
2340 2341
2340 2339
2341 2395
2342 2341
2343 2345
2344 2396
2345 2344
2345 2346
2346 2398
2346 2403
2346 2347
2347 2402
2347 2348
2348 2401
2348 2349
2349 2350
2350 2351
2350 2400
2351 2352
2351 2399
2352 2397
2352 2353
2353 2354
2353 2358
2354 2355
2354 2421
2355 2417
2355 2356
2356 2418
2356 2357
2357 2419
2357 2420
2358 2359
2358 2366
2359 2416
2359 2360
2360 2415
2360 2361
2361 2362
2362 2363
2363 2365
2364 2362
2365 2325
2366 2422
2366 2367
2367 2423
2367 2368
2368 2369
2368 2382
2369 2338
2369 2407
2370 2374
2370 2371
2371 2410
2372 2373
2373 2409
2373 2377
2375 2374
2375 2376
2376 2406
2377 2375
2377 2408
2378 2379
2378 2339
2379 2380
2380 2405
2380 2381
2381 2404
2382 2383
2383 2414
2383 2384
2384 2413
2384 2385
2384 2369
2385 2412
2385 2386
2386 2387
2387 2388
2387 2389
2388 2328
2389 2390
2389 2391
2390 2392
2392 2326
Total # of Edges: 107