
***********Nodes************

Bathroom
2218    87H52H53+MR3    41.00913047931139    -76.44546776708536
2219    87H52H53+MR3    41.00913894029714    -76.44544505547442
2220    87H52H53+JVP    41.00908318661478    -76.44531103520103
2221    87H52H53+JV7    41.00904831656542    -76.44534288608439
2222    87H52H53+JR4    41.00901386350152    -76.44542523473088
2223    87H52H53+HRQ    41.00896947572683    -76.44539001816962
2224    87H52H53+PWC    41.00930202121478    -76.44522101376492
2225    87H52H53+PW7    41.009291552768396    -76.44521209416831
2226    87H52H53+HWV    41.00899552464681    -76.44519682371427
2227    87H52H53+HVX    41.0089762654755    -76.44526285833271
2228    87H52H53+JV4    41.00900503289517    -76.44528552600195
2229    87H52H53+JV5    41.00901047318607    -76.44527239813623
2230    87H52H53+JW7    41.00904637756436    -76.44521843065598
2231    87H52H53+JWJ    41.0090778976126    -76.44524218966399
2232    87H52H53+JX8    41.00902966961134    -76.44503231738612

Entrance
2169    87H52H53+JQH    41.00906547473284    -76.44551471987337
2170    87H52H53+HRV    41.008995362372666    -76.44546623990765
2171    87H52H53+HRP    41.00895114771144    -76.44543075552191

Elevator
2175    87H52H53+MR9    41.009165901205456    -76.44538298207466
2233    87H52H53+PXV    41.009359559648104    -76.44506261687776

Point
2176    87H52H53+JVQ    41.00909301714506    -76.44527464560163
2177    87H52H53+JVW    41.00912486366431    -76.445299815015
2178    87H52H53+MV5    41.0091358348879    -76.44527586974444
2179    87H52H53+MV4    41.00914651276167    -76.44528423320901
2180    87H52H53+MV7    41.00915265361928    -76.44532171770868
2181    87H52H53+MV2    41.009135962526045    -76.44535920905534
2182    87H52H53+JRW    41.00911064586206    -76.44541503913551
2183    87H52H53+JRW    41.009108032934755    -76.44542080699051
2184    87H52H53+JRM    41.00909828332382    -76.4454422973203
2185    87H52H53+JRQ    41.00908914917919    -76.44539821235414
2186    87H52H53+JVC    41.00905594018081    -76.44537182821436
2187    87H52H53+JVC    41.00906352680049    -76.4453546325891
2188    87H52H53+MV9    41.009152599994735    -76.44526966851448
2189    87H52H53+MV5    41.009142417046284    -76.44526156141413
2190    87H52H53+JWJ    41.00908842503236    -76.44521896533384
2191    87H52H53+JWF    41.00905736639219    -76.44519430171692
2192    87H52H53+JW8    41.009037635375336    -76.44517861684454
2193    87H52H53+JW8    41.00902547274471    -76.44518304301126
2194    87H52H53+JW3    41.00901283990515    -76.44521051740959
2195    87H52H53+HVX    41.0089915891869    -76.44525746392846
2196    87H52H53+HVX    41.00898582209472    -76.44527028895789
2197    87H52H53+JWH    41.0090533173239    -76.44514363528548
2198    87H52H53+JW9    41.00903872937505    -76.44513213476219
2199    87H52H53+JW9    41.00903261151969    -76.44514524817508
2200    87H52H53+HXR    41.008999881383296    -76.44511928264082
2201    87H52H53+JX2    41.0090092396888    -76.44510866225376
2202    87H52H53+JX8    41.009039983467375    -76.44504061894631
2203    87H52H53+JXM    41.009084226690256    -76.44507548428852
2204    87H52H53+MWG    41.00919939925894    -76.44516678036746
2205    87H52H53+MWQ    41.00921829125151    -76.44512525618934
2206    87H52H53+PX5    41.00926716271817    -76.44501722080437
2207    87H52H54+P26    41.009276469636866    -76.44499683257823
2208    87H52H53+PXP    41.00934825254028    -76.44505364863777
2209    87H52H53+PXM    41.00933911769427    -76.44507401648838
2210    87H52H53+PXR    41.009369891317036    -76.44509838399574
2211    87H52H53+PXV    41.009374174682875    -76.44508909416676
2212    87H52H53+QX2    41.00939290397689    -76.44510395437908
2213    87H52H53+QX8    41.00941526784452    -76.44505462854607
2214    87H52H53+PWF    41.0093209913165    -76.4452065067019
2215    87H52H53+PWF    41.0093117817421    -76.4451991771823
2216    87H52H53+PWF    41.009300989635086    -76.44519070780804
2217    87H52H53+PW8    41.00929009069311    -76.4451821604258

Stairs
2172    87H52H53+JVX    41.00910142673851    -76.44525607405609
2173    87H52H53+JX2    41.009004082303306    -76.44511027126788
2174    87H52H53+QX8    41.00940809711005    -76.44504914216508
********
Total # of nodes: 65 **********

***********Edges************

2222 2170
2222 2223
2223 2171
2169 2184
2176 2172
2177 2180
2177 2176
2178 2179
2178 2177
2179 2188
2180 2179
2181 2175
2181 2180
2182 2185
2182 2181
2183 2182
2183 2219
2184 2218
2184 2183
2185 2186
2185 2222
2186 2187
2187 2221
2187 2220
2188 2189
2189 2178
2189 2190
2190 2231
2190 2191
2191 2230
2191 2192
2192 2193
2192 2197
2193 2194
2194 2195
2194 2226
2195 2229
2195 2196
2196 2227
2196 2228
2197 2198
2198 2199
2198 2201
2199 2200
2200 2173
2201 2202
2202 2232
2202 2203
2203 2197
2203 2204
2204 2188
2204 2205
2205 2206
2206 2207
2207 2208
2208 2233
2208 2209
2209 2217
2209 2210
2210 2211
2211 2212
2212 2213
2213 2174
2214 2210
2215 2214
2215 2224
2216 2215
2216 2225
2217 2205
2217 2216
Total # of Edges: 70