
***********Nodes************

Bathroom
2459    87H52H53+JVV    41.00911163865896    -76.44533051314994
2460    87H52H53+JVJ    41.00909193817156    -76.4453741036003
2461    87H52H53+MR8    41.00915407721296    -76.44541644283085
2462    87H52H53+MRV    41.00922939061202    -76.44545336207437
2463    87H52H53+MRW    41.0092440573127    -76.44542109968404
2464    87H52H53+PR5    41.009251743469406    -76.44540476232942
2465    87H52H53+PXG    41.00931897718244    -76.44504049773347
2466    87H52H53+PX9    41.00929846082385    -76.44502451240302
2467    87H52H53+PX9    41.00927547482307    -76.44500484132016
2468    87H52H53+JW5    41.00901217190775    -76.44514998402136
2469    87H52H53+HWJ    41.00897318317343    -76.44523552610183
2470    87H52H53+HVX    41.008990644331234    -76.44527234449647
2471    87H52H53+JV4    41.00900162891291    -76.4452813870121
2472    87H52H53+JWC    41.009053389318915    -76.44522470371973
2473    87H52H53+JWJ    41.00908100602123    -76.4452459848917

Elevator
2424    87H52H53+MR9    41.00916639551261    -76.44538534174278
2425    87H52H53+PXV    41.009359932068755    -76.44507087427564

Point
2426    87H52H53+JVX    41.00910041516888    -76.44525764108077
2427    87H52H53+MV4    41.009144810597896    -76.44529272010297
2428    87H52H53+MV9    41.00915302202188    -76.44527437515168
2429    87H52H53+MVF    41.00917818644238    -76.44531918624091
2430    87H52H53+MVG    41.00918650064625    -76.44530094555256
2431    87H52H53+MV6    41.00915305897321    -76.44537469999369
2432    87H52H53+JVR    41.00911977841193    -76.44534839625425
2433    87H52H53+JVR    41.00911388188081    -76.44536137238535
2434    87H52H53+JVR    41.00910196844513    -76.44535196989851
2435    87H52H53+MR5    41.00913932670667    -76.44540471831151
2436    87H52H53+MVR    41.00924309777952    -76.44537042299697
2437    87H52H53+PV2    41.00925145078103    -76.44535210543177
2438    87H52H53+MRX    41.00923401925898    -76.44539062346956
2439    87H52H53+MRW    41.00922657189866    -76.445407133461
2440    87H52H53+MRM    41.009211831590235    -76.4454394812924
2441    87H52H53+MW6    41.009169648322874    -76.44523813226195
2442    87H52H53+PX5    41.00926623768533    -76.44502505054177
2443    87H52H53+PX8    41.009289698052044    -76.44504374690048
2444    87H52H53+PX8    41.00929951447224    -76.44505136640731
2445    87H52H53+PXG    41.00931004950895    -76.44505981416873
2446    87H52H53+PXR    41.009364334646236    -76.44510285870295
2447    87H52H53+PXV    41.0093691659146    -76.44509233646347
2448    87H52H53+PXV    41.0093738424067    -76.44508181102495
2449    87H52H53+QX2    41.00938200723502    -76.44510259499634
2450    87H52H53+QX8    41.00940328700358    -76.44505585825084
2451    87H52H53+JWJ    41.009090580351724    -76.44522493435738
2452    87H52H53+JWF    41.009063199456634    -76.44520318281758
2453    87H52H53+JW7    41.00904380859001    -76.4451881747178
2454    87H52H53+JW8    41.00903290042988    -76.44517926995398
2455    87H52H53+JW8    41.009037092763414    -76.44516971187065
2456    87H52H53+JW9    41.009049297858375    -76.44514307588187
2457    87H52H53+JX2    41.009005775479785    -76.44510862338757
2458    87H52H53+HVX    41.008998358264485    -76.44525546538912
********
Total # of nodes: 50 **********

***********Edges************

2426 2427
2427 2428
2427 2432
2428 2430
2428 2441
2428 2451
2429 2427
2429 2436
2430 2429
2431 2429
2431 2424
2431 2435
2432 2431
2432 2433
2433 2434
2434 2459
2434 2460
2435 2461
2436 2438
2437 2436
2437 2430
2438 2464
2438 2439
2439 2440
2439 2463
2440 2462
2441 2442
2442 2443
2442 2467
2443 2466
2443 2444
2444 2445
2445 2465
2445 2446
2446 2447
2446 2437
2447 2448
2447 2449
2448 2425
2449 2450
2451 2473
2451 2452
2452 2472
2453 2454
2453 2471
2453 2452
2454 2455
2454 2458
2455 2456
2455 2468
2456 2457
2456 2441
2458 2469
2458 2470
Total # of Edges: 54