
***********Nodes************

Bathroom
2297    87H52H53+JVV    41.009110968859076    -76.44533150574506
2298    87H52H53+JRQ    41.00909017084568    -76.44537765814934
2299    87H52H53+JV2    41.009023136824005    -76.4453491186631
2300    87H52H53+HVM    41.00895568726516    -76.44533681153976
2301    87H52H53+HVC    41.00894247181895    -76.44536421973525
2302    87H52H53+HRP    41.00897092989075    -76.44541186082849
2303    87H52H53+MR4    41.00913378204655    -76.44542775635082
2304    87H52H53+MV8    41.009167790506304    -76.44531223870163
2305    87H52H53+MRH    41.00919786695186    -76.44538587085253
2306    87H52H53+MRQ    41.0092220356668    -76.44539829873752
2307    87H52H53+MRP    41.00920228447567    -76.44543476732082
2308    87H52H53+MRV    41.009234640127325    -76.4454604271471
2309    87H52H53+MRV    41.00924188026502    -76.44544423057786
2310    87H52H53+PR5    41.00926172155238    -76.44539875149135
2311    87H52H53+PR5    41.00926915200957    -76.44538037603704
2312    87H52H53+PV7    41.00928917511357    -76.44533831026487
2313    87H52H53+PX6    41.00928022184589    -76.44512314853674
2314    87H52H53+PX2    41.009258971170944    -76.44510573318388
2315    87H52H53+MXV    41.00923719356901    -76.4450874360942
2316    87H52H53+MXM    41.00921085401888    -76.44506756953598
2317    87H52H53+MXG    41.00919156762611    -76.44505018319872
2318    87H52H53+MX9    41.009165056544624    -76.44503056279918
2319    87H52H53+MX5    41.009145295825626    -76.44501422521256
2320    87H52H53+JW4    41.009020425048156    -76.44515730517571
2321    87H52H53+HVX    41.00898370349466    -76.44525929886504
2322    87H52H53+JWC    41.00905321141502    -76.44522651143554
2323    87H52H53+JWJ    41.00908053369553    -76.44524830970882

Elevator
2237    87H52H53+MR9    41.00916537523408    -76.44538515724642
2238    87H52H53+PXV    41.00935693327692    -76.44507030254829

Point
2239    87H52H53+JVQ    41.00909972761324    -76.44525853392841
2240    87H52H53+MV4    41.0091330802277    -76.44528482658386
2241    87H52H53+JVW    41.00912304101418    -76.44530715202
2242    87H52H53+JVQ    41.009089632295684    -76.44528048428792
2243    87H52H53+MV8    41.00915859864608    -76.44530498241038
2244    87H52H53+MV3    41.00914849671592    -76.44532731640136
2245    87H52H53+MV2    41.00913379499475    -76.44536008118703
2246    87H52H53+MV2    41.00912740355353    -76.44537371615836
2247    87H52H53+JVR    41.00910130891752    -76.44535311456981
2248    87H52H53+JRW    41.00911122116774    -76.4454098515135
2249    87H52H53+JRW    41.009108224755366    -76.44541655172696
2250    87H52H53+JRJ    41.009081809646915    -76.44547445942634
2251    87H52H53+JV6    41.009037522727596    -76.44536043259761
2252    87H52H53+JR4    41.009011060541894    -76.44541862382178
2253    87H52H53+HRX    41.00897945414588    -76.44539344679279
2254    87H52H53+HRQ    41.00895862311389    -76.44537707718109
2255    87H52H53+HVJ    41.00897124206805    -76.44534912605008
2256    87H52H53+JV5    41.009004491581386    -76.44527561235137
2257    87H52H53+JW8    41.00904824440182    -76.44517931851578
2258    87H52H53+JW8    41.00903328447001    -76.44516750713473
2259    87H52H53+JW9    41.009044976590175    -76.4451416829543
2260    87H52H53+JW9    41.009035015501496    -76.4451338510834
2261    87H52H53+JW9    41.00902934728922    -76.4451466663445
2262    87H52H53+JX2    41.00900585563291    -76.4451107167974
2263    87H52H53+JX2    41.00900009383778    -76.44512355908346
2264    87H52H53+JWF    41.00906757282933    -76.445194596089
2265    87H52H53+JWM    41.00909501092509    -76.44521624364656
2266    87H52H53+MV9    41.00917150182716    -76.44527677619885
2267    87H52H53+MVH    41.00918200663478    -76.44525334432467
2268    87H52H53+MXR    41.00924255667708    -76.44511995058399
2269    87H52H53+MVW    41.00923779178418    -76.44529765672118
2270    87H52H53+MVM    41.009218558273055    -76.44534017836489
2271    87H52H53+MVJ    41.009210305339856    -76.44535807270945
2272    87H52H53+MRX    41.00923233845442    -76.445375498192
2273    87H52H53+MVR    41.00924033734147    -76.44535762395223
2274    87H52H53+PV2    41.00925540623389    -76.44536949185274
2275    87H52H53+MRX    41.009247344406546    -76.44538735575631
2276    87H52H53+MRW    41.009226877837115    -76.44543244441404
2277    87H52H53+MRM    41.00921977644287    -76.44544866072252
2278    87H52H53+PV3    41.009259812709736    -76.44531481993444
2279    87H52H53+PV3    41.00926513388531    -76.44531927897528
2280    87H52H53+PV3    41.0092747642454    -76.44532689871015
2281    87H52H53+PWP    41.009325686625616    -76.44518564912299
2282    87H52H53+PW8    41.00929831795321    -76.44516401766819
2283    87H52H53+PXR    41.00936720868718    -76.44509399887515
2284    87H52H53+PXV    41.009372361840384    -76.44508260611984
2285    87H52H53+QX2    41.00937838563602    -76.44510285288999
2286    87H52H53+QX4    41.009399867018736    -76.44505525508312
2287    87H52H53+QX7    41.00941128152049    -76.44506431997645
2288    87H52H53+QX2    41.009389730839374    -76.44511183013034
2289    87H52H53+PW5    41.009271223898935    -76.4451425994989
2290    87H52H53+PW5    41.00925000363995    -76.44512588633096
2291    87H52H53+MXR    41.00922778460351    -76.44510832146736
2292    87H52H53+MXM    41.00920164872908    -76.44508762337755
2293    87H52H53+MXF    41.00918171468277    -76.44507180145852
2294    87H52H53+MX8    41.009155755077806    -76.44505128367439
2295    87H52H53+MX4    41.009135763078945    -76.44503537924189
2296    87H52H53+JXX    41.0091042612746    -76.44501046767883

Stairs
2234    87H52H53+JVQ    41.0090926254205    -76.44527371437889
2235    87H52H53+JX2    41.009001913517075    -76.4451196373888
2236    87H52H53+QX8    41.00940725766829    -76.44506114461167
********
Total # of nodes: 90 **********

***********Edges************

2300 2255
2240 2243
2240 2239
2241 2240
2241 2242
2242 2234
2243 2304
2243 2266
2244 2243
2244 2241
2245 2237
2245 2244
2246 2245
2246 2247
2247 2298
2247 2297
2248 2303
2248 2246
2249 2248
2249 2250
2251 2299
2251 2249
2252 2251
2252 2250
2253 2302
2253 2252
2254 2301
2254 2253
2255 2254
2256 2321
2256 2255
2257 2258
2257 2256
2258 2259
2258 2320
2259 2260
2259 2296
2260 2261
2260 2262
2261 2263
2263 2235
2264 2322
2264 2257
2265 2323
2265 2264
2266 2267
2266 2265
2267 2269
2268 2290
2268 2267
2269 2278
2269 2270
2270 2271
2270 2273
2271 2305
2271 2272
2272 2306
2273 2272
2273 2278
2274 2273
2274 2275
2274 2311
2275 2272
2275 2310
2275 2276
2276 2309
2276 2277
2277 2308
2277 2307
2278 2279
2279 2281
2279 2280
2280 2274
2280 2312
2281 2282
2282 2269
2283 2281
2283 2284
2283 2285
2284 2238
2285 2286
2285 2288
2287 2236
2288 2287
2289 2313
2289 2282
2290 2314
2290 2289
2291 2315
2291 2268
2292 2316
2292 2291
2293 2317
2293 2292
2294 2318
2294 2293
2295 2319
2295 2294
2296 2295
Total # of Edges: 99