
***********Nodes************

Bathroom
2523    87H52H52+49C    41.007814749009455    -76.44909989197154
2524    87H52H52+48X    41.00786663822377    -76.44914837013741
2525    87H52H52+49G    41.007818505519545    -76.44905025751434
2526    87H52H52+49Q    41.00782686047718    -76.44903090865178
2527    87H52H52+49V    41.00785424241025    -76.4490758062792
2528    87H52H52+4C3    41.007774797231356    -76.44896284774022
2529    87H52H52+4CF    41.007809686458    -76.4489616545873
2530    87H52H52+4CJ    41.00784552377667    -76.4489871614519
2531    87H52H52+4CR    41.007854322590084    -76.4489954098879
2532    87H52H52+595    41.00788334635366    -76.44901728941917
2533    87H52H52+598    41.00791108542739    -76.44903789283657
2534    87H52H52+59M    41.007951702348116    -76.44906764885872
2535    87H52H52+692    41.00800494134048    -76.44910900408182
2536    87H52H52+593    41.007894937227356    -76.44907659489719
2537    87H52H52+59C    41.00793781588672    -76.44910931569217
2538    87H52H52+692    41.00801395025558    -76.44911686087835
2539    87H52H52+58W    41.007993819488114    -76.44918189908483
2540    87H52H52+58V    41.007980494120865    -76.44921662461314
2541    87H52H52+57X    41.00799104680027    -76.4492505406803
2542    87H52H52+682    41.00801328867396    -76.44922875601621

Entrance
2474    87H52H52+3CM    41.00771273186054    -76.4489554313986
2475    87H52H52+68J    41.008078018867245    -76.44923542055047
2476    87H52H52+586    41.00791980738654    -76.44922992707784

Elevator
2481    87H52H52+39W    41.007735754181205    -76.44905037173673

Point
2482    87H52H52+3CM    41.00772424485368    -76.44896425676318
2483    87H52H52+3CJ    41.00772086817761    -76.44897220463811
2484    87H52H52+4C2    41.00775406368635    -76.44899745367039
2485    87H52H52+4C2    41.007760245604224    -76.44898276115524
2486    87H52H52+3CV    41.00772719921958    -76.44895745171507
2487    87H52H52+4C6    41.00777944179761    -76.44899728389088
2488    87H52H52+495    41.007773224706106    -76.44901218250607
2489    87H52H52+494    41.00776363652479    -76.44903469407107
2490    87H52H52+493    41.00775181067955    -76.44906255622308
2491    87H52H52+49F    41.00781021876009    -76.4490701579924
2492    87H52H52+49F    41.00782320768139    -76.44908012071242
2493    87H52H52+49J    41.00784527536142    -76.44909692444496
2494    87H52H52+592    41.00787796656636    -76.44912191122792
2495    87H52H52+58G    41.0079441212185    -76.44917243095448
2496    87H52H52+58F    41.00793291968397    -76.44919905097808
2497    87H52H52+4C6    41.00778931590791    -76.44897407486354
2498    87H52H52+4CC    41.00780087824436    -76.44898274090205
2499    87H52H52+49Q    41.00783595449083    -76.44900962768712
2500    87H52H52+49Q    41.007845218668834    -76.44901665912916
2501    87H52H52+49W    41.007874301725884    -76.44903880974695
2502    87H52H52+598    41.00790186736242    -76.44905980142171
2503    87H52H52+597    41.00792334336146    -76.44907625814302
2504    87H52H52+597    41.00791626772308    -76.44909288362634
2505    87H52H52+59F    41.007942068552246    -76.44909044598441
2506    87H52H52+59J    41.007957828713025    -76.44910265950816
2507    87H52H52+59C    41.00794962689757    -76.44912223431344
2508    87H52H52+58X    41.00798715515243    -76.44915091182546
2509    87H52H52+58X    41.00799553851496    -76.44913125383684
2510    87H52H52+685    41.00800489957978    -76.44913840150276
2511    87H52H52+685    41.00800756248622    -76.44914972726271
2512    87H52H52+684    41.008002170178784    -76.44916237025267
2513    87H52H52+684    41.00801252591154    -76.4491702888735
2514    87H52H52+683    41.00801721010432    -76.44918904113617
2515    87H52H52+687    41.008033915669955    -76.4492019485911
2516    87H52H52+687    41.00803752448706    -76.44919336570672
2517    87H52H52+687    41.0080312265944    -76.44920831455237
2518    87H52H52+68F    41.00806898865378    -76.44921742976447
2519    87H52H52+68C    41.00806282761158    -76.4492323632432
2520    87H52H52+68C    41.008065563290366    -76.44922583048891
2521    87H52H52+682    41.00800354276594    -76.44922128905539
2522    87H52H52+58R    41.00799942516789    -76.44923101701701

Stairs
2477    87H52H52+3CV    41.00772545112595    -76.44896182356717
2478    87H52H52+68C    41.008066564470035    -76.44922293149452
2479    87H52H52+687    41.008043871947145    -76.44921812950005
2480    87H52H52+59J    41.00797143319209    -76.44911289108809
********
Total # of nodes: 69 **********

***********Edges************

2481 2490
2482 2474
2483 2482
2484 2483
2485 2484
2486 2485
2487 2485
2487 2497
2488 2484
2488 2487
2489 2491
2489 2488
2490 2489
2491 2525
2491 2492
2492 2493
2492 2523
2493 2527
2493 2494
2494 2524
2494 2495
2495 2496
2496 2524
2496 2476
2497 2528
2497 2498
2498 2529
2498 2499
2499 2500
2499 2530
2499 2526
2500 2531
2500 2501
2501 2502
2501 2532
2502 2533
2502 2503
2503 2505
2503 2504
2504 2537
2504 2536
2505 2506
2505 2534
2506 2480
2507 2506
2508 2507
2509 2510
2509 2535
2509 2508
2510 2538
2510 2511
2511 2512
2511 2513
2512 2508
2512 2539
2513 2512
2513 2514
2514 2521
2514 2515
2515 2516
2515 2517
2516 2518
2517 2479
2518 2478
2519 2520
2520 2475
2521 2542
2521 2522
2522 2541
2522 2540
2477 2486
2479 2519
2480 2509
Total # of Edges: 73