
***********Nodes************

Bathroom
2598    87H52H52+59P    41.00795315006098    -76.44904977716088
2599    87H52H52+59M    41.00797388142955    -76.4490656574406
2600    87H52H52+59R    41.007997103826604    -76.4491030963544
2601    87H52H52+68H    41.00805157304075    -76.4491522731233
2602    87H52H52+68F    41.0080745981056    -76.44919181245733
2603    87H52H52+682    41.00801997140263    -76.44922067753168
2604    87H52H52+58G    41.00792944527644    -76.44917785937459
2605    87H52H52+49J    41.00782718770837    -76.44911649038767
2606    87H52H52+49J    41.00783120341888    -76.44910573677862
2607    87H52H52+48X    41.007857882026926    -76.44912604402515
2608    87H52H52+493    41.00777200133344    -76.44907596097454
2609    87H52H52+497    41.0077778409583    -76.44906417404182
2610    87H52H52+493    41.00775043569647    -76.44907484846122
2611    87H52H52+495    41.00775260639516    -76.44901912037012
2612    87H52H52+3CW    41.007745096485614    -76.44893428705764
2613    87H52H52+4C4    41.007770284206956    -76.44892738324222
2614    87H52H52+4C7    41.00779660747801    -76.44894768701475
2615    87H52H52+4CF    41.00780565583039    -76.44895472016789
2616    87H52H52+4CR    41.00785139250751    -76.44899042843905
2617    87H52H52+4CR    41.00786034599241    -76.44899734579474
2618    87H52H52+595    41.00789029287174    -76.44903107587155

Entrance
2543    87H52H52+59H    41.00793205314523    -76.44900993412294

Elevator
2619    87H52H52+39W    41.00774111784176    -76.44905237839464

Point
2547    87H52H52+599    41.00792199029117    -76.44901838023156
2548    87H52H52+59H    41.00792689370607    -76.4490219822489
2549    87H52H52+59H    41.00793418165838    -76.4490276106842
2550    87H52H52+598    41.00790456353844    -76.44905938582991
2551    87H52H52+597    41.0079106431024    -76.44906402334095
2552    87H52H52+597    41.007916797267555    -76.4490686700591
2553    87H52H52+592    41.00789651282438    -76.44909737799205
2554    87H52H52+49V    41.0078638614035    -76.44907253992288
2555    87H52H52+49P    41.00784861106391    -76.44906083813906
2556    87H52H52+499    41.00777882214996    -76.44900762096529
2557    87H52H52+4C2    41.00775057545395    -76.44899369527616
2558    87H52H52+4C2    41.00775293443041    -76.44898794248185
2559    87H52H52+4C2    41.007756295080554    -76.4489800036628
2560    87H52H52+3CV    41.00772922720478    -76.44895931786107
2561    87H52H52+3CJ    41.00772345569928    -76.4489730547518
2562    87H52H52+49W    41.007874134900845    -76.44904833788162
2563    87H52H52+594    41.00788091960912    -76.44905331066231
2564    87H52H52+594    41.007883663216404    -76.44904677993622
2565    87H52H52+49X    41.007861667020876    -76.44902999561832
2566    87H52H52+49X    41.00785020366397    -76.44902114733931
2567    87H52H52+49Q    41.007841274140944    -76.44901434391467
2568    87H52H52+4C6    41.007795219844866    -76.44897919651166
2569    87H52H52+4C6    41.00779193483462    -76.44897672629328
2570    87H52H52+4C6    41.00778615709461    -76.44897234387348
2571    87H52H52+4C3    41.00775976488219    -76.44895219403962
2572    87H52H52+4C3    41.007761826886416    -76.44894720237673
2573    87H52H52+494    41.00776872833155    -76.44903141000773
2574    87H52H52+494    41.00776048876789    -76.44905089379174
2575    87H52H52+493    41.007755328519075    -76.44906318082214
2576    87H52H52+49J    41.00784980372768    -76.4491056781776
2577    87H52H52+49J    41.00784518515137    -76.44911645328895
2578    87H52H52+48Q    41.007840840198355    -76.4491268479336
2579    87H52H52+58G    41.007933079225886    -76.44916916753921
2580    87H52H52+58V    41.00797931734203    -76.44920450509363
2581    87H52H52+58H    41.00794151163008    -76.44913171414663
2582    87H52H52+59J    41.007956940036046    -76.44909522270743
2583    87H52H52+59M    41.0079511446005    -76.44909075375453
2584    87H52H52+59P    41.00796473734548    -76.44905863565657
2585    87H52H52+59R    41.007989786339216    -76.44912029385581
2586    87H52H52+685    41.00801636585647    -76.44914055909452
2587    87H52H52+688    41.00804674370758    -76.44916374376925
2588    87H52H52+685    41.008014132246274    -76.4491456811575
2589    87H52H52+58W    41.007993345959434    -76.44917132282754
2590    87H52H52+684    41.00800091330076    -76.44917699538284
2591    87H52H52+684    41.00801330723144    -76.44918657797145
2592    87H52H52+687    41.00803258438974    -76.44920126752002
2593    87H52H52+687    41.00802985991285    -76.44920761839519
2594    87H52H52+687    41.00803528022883    -76.44919465330891
2595    87H52H52+68C    41.00806159451047    -76.44923196442173
2596    87H52H52+68C    41.00806707202441    -76.44921900008212
2597    87H52H52+683    41.008004005807976    -76.44920853426474

Stairs
2544    87H52H52+3CV    41.00772696958655    -76.44896476522307
2545    87H52H52+68C    41.00806520706232    -76.44922341254278
2546    87H52H52+59G    41.00792826650522    -76.44904163018687
********
Total # of nodes: 77 **********

***********Edges************

2610 2575
2543 2548
2548 2549
2548 2547
2549 2546
2550 2547
2551 2550
2551 2553
2552 2551
2553 2554
2554 2555
2554 2576
2555 2565
2555 2556
2556 2558
2556 2569
2557 2561
2558 2557
2559 2558
2560 2559
2562 2554
2563 2562
2564 2563
2564 2618
2565 2564
2566 2617
2566 2565
2567 2566
2567 2616
2568 2615
2568 2567
2569 2568
2569 2570
2570 2571
2570 2614
2571 2572
2572 2612
2572 2613
2573 2611
2573 2556
2574 2609
2574 2573
2575 2608
2575 2619
2575 2574
2576 2577
2576 2579
2577 2578
2577 2606
2577 2607
2578 2605
2579 2604
2579 2580
2580 2589
2581 2553
2581 2582
2582 2583
2582 2585
2583 2584
2584 2599
2584 2598
2585 2586
2585 2600
2586 2588
2586 2587
2587 2601
2588 2602
2588 2590
2589 2590
2589 2581
2590 2591
2591 2597
2591 2592
2592 2593
2593 2595
2594 2592
2596 2594
2597 2603
2544 2560
2545 2596
2546 2552
Total # of Edges: 81