
***********Nodes************

Bathroom
2651    87H52H52+683    41.00802238598755    -76.44921451904126
2652    87H52H52+58V    41.0079816335429    -76.44918809777677
2653    87H52H52+589    41.00790738898817    -76.4491314144137
2654    87H52H52+493    41.00776296375244    -76.44908476092944
2655    87H52H52+498    41.00777766066901    -76.44905011629653
2656    87H52H52+496    41.007799361548855    -76.44911211102374
2657    87H52H52+49F    41.00781921885573    -76.44908189473976
2658    87H52H52+49M    41.00783561368491    -76.4490763857909
2659    87H52H52+495    41.00775459344776    -76.44901222720529
2660    87H52H52+3CW    41.00774691594091    -76.44892055711124
2661    87H52H52+4C5    41.00776714591801    -76.44890575305652
2662    87H52H52+4C8    41.00777673683245    -76.44891225207704
2663    87H52H52+4CG    41.00780411231062    -76.44893523347851
2664    87H52H52+49X    41.00786942833055    -76.44900432626744
2665    87H52H52+59M    41.007962040104516    -76.44907833230683
2666    87H52H52+689    41.00803056304407    -76.4491541129904
2667    87H52H52+4C6    41.00778953890551    -76.44896948923851

Elevator
2620    87H52H52+39W    41.007741802204755    -76.44904997681348

Point
2621    87H52H52+494    41.007755464336164    -76.44906025782446
2622    87H52H52+494    41.00775709352885    -76.44905632474527
2623    87H52H52+493    41.0077706094983    -76.44906662322894
2624    87H52H52+49C    41.007806843718825    -76.4490942716664
2625    87H52H52+49C    41.00781221876903    -76.44909830444229
2626    87H52H52+495    41.007770767495245    -76.44902416624412
2627    87H52H52+4C6    41.007781549916906    -76.4489985780143
2628    87H52H52+4C6    41.00777825029834    -76.44899598486317
2629    87H52H52+4C2    41.00775787919239    -76.44898050783947
2630    87H52H52+4C2    41.007754978764936    -76.44898735912152
2631    87H52H52+3CV    41.00772558541655    -76.4489648555852
2632    87H52H52+4C7    41.00779478345199    -76.44895703433099
2633    87H52H52+4C4    41.00776679948956    -76.4489356200969
2634    87H52H52+4C4    41.00775752609071    -76.44892854823671
2635    87H52H52+49X    41.00786100182535    -76.44902401816728
2636    87H52H52+594    41.00788829510769    -76.44904496966308
2637    87H52H52+49P    41.007847319830894    -76.44904871672281
2638    87H52H52+593    41.00787710532599    -76.44907137717568
2639    87H52H52+596    41.00790853727677    -76.44909536201351
2640    87H52H52+596    41.00791923315723    -76.44910355487507
2641    87H52H52+597    41.00791971126643    -76.44906893417067
2642    87H52H52+59J    41.00795469489993    -76.44909562003222
2643    87H52H52+685    41.00800886459583    -76.44913694581332
2644    87H52H52+58W    41.00799347131585    -76.44916016621733
2645    87H52H52+58W    41.00799767500608    -76.44916340019276
2646    87H52H52+684    41.008019544565705    -76.44918003434127
2647    87H52H52+687    41.008036037542915    -76.44919275172595
2648    87H52H52+687    41.00803289317638    -76.44920017534672
2649    87H52H52+68C    41.00806563783681    -76.44922518905847
2650    87H52H52+683    41.008009226879    -76.4492044749224
********
Total # of nodes: 48 **********

***********Edges************

2667 2632
2667 2635
2621 2620
2622 2621
2622 2623
2623 2654
2623 2655
2623 2624
2624 2625
2624 2656
2625 2657
2626 2659
2626 2622
2627 2637
2627 2626
2628 2627
2628 2667
2629 2628
2630 2629
2631 2630
2632 2633
2632 2663
2633 2634
2633 2662
2634 2661
2634 2660
2635 2636
2635 2664
2636 2638
2637 2658
2638 2637
2638 2639
2639 2640
2639 2641
2640 2653
2641 2642
2642 2665
2642 2643
2643 2645
2644 2640
2644 2652
2645 2644
2645 2646
2646 2647
2646 2666
2646 2650
2647 2648
2648 2649
2650 2651
Total # of Edges: 49