
***********Nodes************

Bathroom
2706    87H52H53+47H    41.00781496813606    -76.44678059962732
2707    87H52H53+478    41.00778667677464    -76.44680343001141
2708    87H52H53+38J    41.007720488956195    -76.44674496902141
2709    87H52H53+485    41.00776273400279    -76.44665291231756
2710    87H52H53+496    41.00778763245879    -76.44659649094187
2711    87H52H53+4CG    41.007812650612735    -76.44643300924463
2712    87H52H53+39V    41.00774683810064    -76.44656320278621
2713    87H52H53+39V    41.0077391025214    -76.44658007435915
2714    87H52H53+379    41.00765927858201    -76.44675137379926
2715    87H52H53+379    41.007652066519015    -76.44676720682195
2716    87H52H53+26Q    41.00759051122793    -76.4469059259911
2717    87H52H53+267    41.007545704702615    -76.44695807834277
2718    87H52H53+258    41.00752607448276    -76.44706130496739
2719    87H52H53+364    41.007637933057765    -76.44691989331359
2720    87H52H53+369    41.00765818279091    -76.44689233940069
2721    87H52H53+36P    41.007712574041356    -76.44693347292225

Entrance
2668    87H52H53+46M    41.00784447470626    -76.44694092117706

Elevator
2672    87H52H53+473    41.00776850803613    -76.44684267632404

Point
2673    87H52H53+465    41.00776957144608    -76.44687993604671
2674    87H52H53+472    41.007774010777325    -76.44687006243345
2675    87H52H53+464    41.00775267588427    -76.44691614366545
2676    87H52H53+36X    41.00773964998361    -76.44690569267314
2677    87H52H53+472    41.00775648368358    -76.4468691254389
2678    87H52H53+472    41.007760870880496    -76.44685937724175
2679    87H52H53+37R    41.007746466184294    -76.44684755915769
2680    87H52H53+37R    41.00774196276649    -76.446857474822
2681    87H52H53+36X    41.00772515801948    -76.4468940075203
2682    87H52H53+36Q    41.007715742663194    -76.44688619359567
2683    87H52H53+36G    41.00769900804534    -76.4469223988479
2684    87H52H53+477    41.007799760985804    -76.44681400572881
2685    87H52H53+377    41.00765018180664    -76.44683292904591
2686    87H52H53+378    41.007672670585805    -76.44678386710304
2687    87H52H53+37H    41.00767989350028    -76.4467682179277
2688    87H52H53+38C    41.007698766760775    -76.44672719314545
2689    87H52H53+38X    41.00774097627475    -76.4466351173952
2690    87H52H53+492    41.00775874660917    -76.44659635404567
2691    87H52H53+493    41.00776663550434    -76.44657931723849
2692    87H52H53+4CF    41.00781852925123    -76.44646614886008
2693    87H52H53+4CM    41.007827955821575    -76.44644553651953
2694    87H52H53+49X    41.00787318065343    -76.44651056732184
2695    87H52H53+372    41.00763253875909    -76.44687148101866
2696    87H52H53+26X    41.00761770772227    -76.44690357857225
2697    87H52H53+26W    41.00760953045125    -76.4469213116382
2698    87H52H53+26W    41.007602641641235    -76.4469363398121
2699    87H52H53+26P    41.0075869809335    -76.44692363291261
2700    87H52H53+26C    41.00756416436614    -76.44697305837414
2701    87H52H53+259    41.007542063652856    -76.44702146301174
2702    87H52H53+25G    41.00755769297649    -76.4470342058666
2703    87H52H53+25G    41.00755043693225    -76.44704998284087
2704    87H52H53+257    41.00754006935835    -76.44707264263938
2705    87H52H53+25R    41.00760700711516    -76.44709605428797

Stairs
2669    87H52H53+37M    41.00771255155109    -76.44682003347484
2670    87H52H53+5C2    41.00788075230397    -76.44649413536855
2671    87H52H53+25R    41.00760099048549    -76.44710934075216
********
Total # of nodes: 54 **********

***********Edges************

2668 2673
2673 2675
2673 2677
2673 2674
2674 2678
2674 2684
2675 2676
2676 2681
2677 2680
2677 2676
2678 2677
2678 2672
2679 2678
2679 2669
2680 2679
2681 2680
2681 2682
2682 2683
2682 2685
2683 2721
2684 2707
2684 2706
2685 2695
2685 2686
2686 2687
2686 2715
2687 2714
2687 2688
2688 2708
2688 2689
2689 2709
2689 2690
2690 2713
2690 2691
2691 2712
2691 2710
2691 2692
2692 2693
2692 2694
2693 2711
2694 2670
2695 2720
2695 2696
2696 2719
2696 2697
2697 2698
2697 2716
2698 2699
2699 2700
2700 2717
2700 2701
2701 2702
2702 2698
2702 2703
2703 2704
2703 2705
2704 2718
2705 2671
Total # of Edges: 58