
***********Nodes************

Bathroom
2797    87H52H53+47M    41.00782973578547    -76.44683345510741
2798    87H52H53+47P    41.00783799979005    -76.44679661049882
2799    87H52H53+47P    41.007845865379025    -76.44678257687794
2800    87H52H53+48R    41.00787082561512    -76.44673245144014
2801    87H52H53+583    41.0078777178878    -76.44671766389244
2802    87H52H53+584    41.00789240408377    -76.44668550140732
2803    87H52H53+48W    41.00785646831115    -76.446656354383
2804    87H52H53+48W    41.00785209028207    -76.44667154670081
2805    87H52H53+48C    41.00782077385781    -76.44672792353994
2806    87H52H53+478    41.007793164064005    -76.44681016886142
2807    87H52H53+37X    41.007737281027126    -76.44676971701294
2808    87H52H53+484    41.007772334673625    -76.44668467340117
2809    87H52H53+48H    41.007801224806705    -76.44662973277892
2810    87H52H53+49G    41.00781425342786    -76.44654104083878
2811    87H52H53+4CF    41.00781539272294    -76.44645596741589
2812    87H52H53+39M    41.00772371740258    -76.44658592021976
2813    87H52H53+495    41.007757717649156    -76.44651201251746
2814    87H52H53+4C2    41.00776483651871    -76.4464974819472
2815    87H52H53+3CV    41.00774524056698    -76.44646018235164
2816    87H52H53+3CR    41.00773884175611    -76.44647631548749
2817    87H52H53+39P    41.007710212307956    -76.4465353755483
2818    87H52H53+39F    41.007693541271856    -76.44657263042106
2819    87H52H53+39C    41.007676322048496    -76.44660868293477
2820    87H52H53+389    41.00766908014041    -76.4466258975765
2821    87H52H53+387    41.00765948045153    -76.44668800372858
2822    87H52H53+38G    41.00768308089613    -76.44667921982895
2823    87H52H53+38Q    41.00770245870447    -76.44663785974983
2824    87H52H53+386    41.00767087197494    -76.44672646713263
2825    87H52H53+375    41.00764112040909    -76.44676852333905
2826    87H52H53+28R    41.00762346817406    -76.4467240007908
2827    87H52H53+27X    41.007605743853816    -76.44676008808865
2828    87H52H53+27X    41.00760031063489    -76.44677597262216
2829    87H52H53+27M    41.00758203901676    -76.44681305188678
2830    87H52H53+27V    41.00761055732849    -76.44683620674951
2831    87H52H53+374    41.007629106481    -76.44679957019814
2832    87H52H53+26F    41.00756013996614    -76.44696791200374
2833    87H52H53+258    41.00752639606468    -76.44705984347281
2834    87H52H53+364    41.00763465398453    -76.44692956433047
2835    87H52H53+364    41.00764220550269    -76.44691268934632
2836    87H52H53+467    41.007798611265734    -76.44696859155722
2837    87H52H53+36J    41.00771757193733    -76.44698167978692
2838    87H52H53+36R    41.007726951163534    -76.44698962637801

Elevator
2726    87H52H53+473    41.00776771835426    -76.44683891103362

Point
2727    87H52H53+472    41.007761117558694    -76.44685368856287
2728    87H52H53+36X    41.00774551935626    -76.44688733556478
2729    87H52H53+465    41.007756855351175    -76.44689631625417
2730    87H52H53+465    41.007762576152956    -76.4469012040526
2731    87H52H53+465    41.00776629858686    -76.44690408052078
2732    87H52H53+464    41.00775362716754    -76.44693200075397
2733    87H52H53+36V    41.00774128017757    -76.4469588878691
2734    87H52H53+36V    41.00773173616512    -76.44695132856467
2735    87H52H53+467    41.00779347215283    -76.44696449154102
2736    87H52H53+476    41.007778195017124    -76.44686756004077
2737    87H52H53+477    41.00779171458051    -76.44683824478501
2738    87H52H53+477    41.00779819275308    -76.4468434729359
2739    87H52H53+47F    41.00780798343873    -76.44682215964342
2740    87H52H53+47F    41.00781024529043    -76.44681727077845
2741    87H52H53+47G    41.00782490532582    -76.44678584900254
2742    87H52H53+47Q    41.007831585781794    -76.44677089614692
2743    87H52H53+48R    41.007852053002395    -76.44672594525521
2744    87H52H53+48R    41.007855139347036    -76.44671953867129
2745    87H52H53+48V    41.00786188732225    -76.44670492301698
2746    87H52H53+48W    41.007870330446245    -76.44668637747458
2747    87H52H53+584    41.00787661819818    -76.44667268329384
2748    87H52H53+48M    41.00783010060937    -76.44670800369458
2749    87H52H53+48F    41.00780672500455    -76.44668888857203
2750    87H52H53+48G    41.00781429403439    -76.44667215264286
2751    87H52H53+489    41.007790640017845    -76.44665283708049
2752    87H52H53+488    41.00778038171412    -76.44666749720255
2753    87H52H53+38W    41.00774995914091    -76.44666648773018
2754    87H52H53+37P    41.00772223743469    -76.44680263302777
2755    87H52H53+37G    41.007696852028566    -76.44678215170826
2756    87H52H53+37H    41.00768310682733    -76.4467707925556
2757    87H52H53+378    41.007674999721125    -76.44678841650253
2758    87H52H53+37G    41.007686037401456    -76.4467973898656
2759    87H52H53+377    41.00767213588814    -76.44682744904664
2760    87H52H53+377    41.00766118627041    -76.44681858731634
2761    87H52H53+378    41.0076656013944    -76.4468088856664
2762    87H52H53+38C    41.00769452241277    -76.44674567637219
2763    87H52H53+38X    41.00774894920499    -76.44662709739762
2764    87H52H53+492    41.00775177450594    -76.44662126441993
2765    87H52H53+499    41.007795618696036    -76.4465257289833
2766    87H52H53+4CC    41.00781628715157    -76.44648040099845
2767    87H52H53+4CF    41.00782201400955    -76.44646820245178
2768    87H52H53+4CM    41.00783105681103    -76.44644863455883
2769    87H52H53+49X    41.007871733134174    -76.4465086833734
2770    87H52H53+5C2    41.007880774667235    -76.4464890604869
2771    87H52H53+4CC    41.00780748387665    -76.44647306519326
2772    87H52H53+39M    41.0077041361912    -76.44659068037416
2773    87H52H53+39M    41.00770730524    -76.44658344376222
2774    87H52H53+39M    41.00771106657946    -76.44657567761469
2775    87H52H53+39P    41.00772425148265    -76.44654659892359
2776    87H52H53+39X    41.00774508282926    -76.44650145687821
2777    87H52H53+4C2    41.00775191162712    -76.44648678400523
2778    87H52H53+4C2    41.00775893940294    -76.44647126375776
2779    87H52H53+39C    41.007690631019905    -76.44662004339706
2780    87H52H53+38H    41.007687927410814    -76.4466261034711
2781    87H52H53+38H    41.007682837235485    -76.44663701429451
2782    87H52H53+388    41.00766891798303    -76.44666773059514
2783    87H52H53+27X    41.00762110372645    -76.44677282832855
2784    87H52H53+375    41.00762794515002    -76.44675783796126
2785    87H52H53+382    41.00763803109919    -76.44673583413913
2786    87H52H53+27W    41.0076143502556    -76.44678738939201
2787    87H52H53+27M    41.00759701342813    -76.44682522331304
2788    87H52H53+26X    41.00762458993357    -76.44689826338427
2789    87H52H53+26W    41.00761690896882    -76.44691516697642
2790    87H52H53+26J    41.00758367381176    -76.44698718908472
2791    87H52H53+25G    41.00755453729442    -76.44705080446363
2792    87H52H53+257    41.00754376467535    -76.44707411756475
2793    87H52H53+25G    41.007568829513936    -76.44706241191864
2794    87H52H53+25F    41.00755876238593    -76.4470843006075
2795    87H52H53+25J    41.00759659898261    -76.44711484671942
2796    87H52H53+25V    41.00760665354815    -76.44709326183053

Stairs
2722    87H52H53+5C2    41.00787804488847    -76.44649495584059
2723    87H52H53+25J    41.00759998860505    -76.44710767922585
2724    87H52H53+46F    41.00780040178399    -76.44694951953888
2725    87H52H53+467    41.00777545086492    -76.44694974522378
********
Total # of nodes: 117 **********

***********Edges************

2808 2753
2836 2735
2727 2726
2727 2728
2728 2729
2729 2730
2730 2731
2730 2736
2731 2732
2732 2733
2733 2838
2733 2734
2734 2837
2734 2729
2735 2724
2735 2725
2736 2727
2736 2737
2737 2738
2738 2739
2739 2740
2739 2806
2740 2797
2740 2741
2741 2798
2741 2742
2742 2799
2742 2743
2743 2744
2743 2748
2744 2800
2744 2745
2745 2801
2745 2746
2746 2747
2746 2804
2747 2802
2747 2803
2748 2805
2748 2749
2749 2750
2749 2752
2750 2751
2751 2809
2751 2764
2752 2808
2753 2755
2754 2807
2755 2754
2756 2755
2756 2757
2757 2758
2758 2759
2759 2760
2759 2728
2760 2761
2760 2788
2761 2757
2761 2783
2762 2756
2762 2824
2763 2772
2763 2762
2764 2763
2764 2765
2765 2810
2765 2766
2766 2767
2766 2771
2767 2768
2767 2769
2768 2770
2770 2722
2771 2811
2772 2773
2772 2779
2773 2774
2773 2818
2774 2812
2774 2775
2775 2817
2775 2776
2776 2777
2776 2813
2777 2816
2777 2778
2777 2814
2778 2815
2779 2780
2779 2819
2780 2781
2780 2823
2781 2820
2781 2782
2782 2821
2782 2822
2783 2784
2783 2827
2783 2786
2784 2825
2784 2785
2785 2826
2786 2828
2786 2831
2786 2787
2787 2829
2787 2830
2788 2789
2788 2835
2789 2834
2789 2790
2790 2832
2790 2791
2791 2792
2791 2793
2792 2833
2793 2794
2793 2796
2794 2795
2795 2723
2725 2732
Total # of Edges: 121