
***********Nodes************

Bathroom
2923    87H52H53+478    41.00779842662453    -76.44679026553663
2924    87H52H53+47G    41.007824892064534    -76.4468108147576
2925    87H52H53+47M    41.00783477233068    -76.44681847716069
2926    87H52H53+47X    41.00785373373732    -76.44677741906638
2927    87H52H53+47Q    41.00784479275725    -76.44676757753615
2928    87H52H53+48C    41.0078182012681    -76.44674698540089
2929    87H52H53+486    41.00779073659164    -76.44672623665613
2930    87H52H53+48G    41.00781528415187    -76.44667498759857
2931    87H52H53+48M    41.007841547502245    -76.44669461257854
2932    87H52H53+48V    41.007866297596735    -76.4467166041883
2933    87H52H53+582    41.00787631268526    -76.44672353762901
2934    87H52H53+584    41.00789576797916    -76.44668092966079
2935    87H52H53+584    41.007886542046364    -76.44667257409193
2936    87H52H53+48X    41.0078605569155    -76.44665253494826
2937    87H52H53+48Q    41.00783493435801    -76.44663196706911
2938    87H52H53+49M    41.00784971827807    -76.44656360991745
2939    87H52H53+49W    41.00785617015229    -76.44655023779838
2940    87H52H53+49Q    41.00782586373152    -76.44652569788909
2941    87H52H53+49G    41.007820308432045    -76.44653960620587
2942    87H52H53+4C2    41.00776611772307    -76.44649807682134
2943    87H52H53+4C2    41.00777232805085    -76.44648329256376
2944    87H52H53+4C4    41.00775913266656    -76.4464182734983
2945    87H52H53+3CV    41.00773650764489    -76.44645417115315
2946    87H52H53+3CV    41.007729748971286    -76.44646860394253
2947    87H52H53+39Q    41.007701823979595    -76.44652873179426
2948    87H52H53+39G    41.007695957212164    -76.44654132647167
2949    87H52H53+39V    41.00772955208981    -76.44657862853929
2950    87H52H53+492    41.00776509012339    -76.44660509197168
2951    87H52H53+492    41.00775745557833    -76.4466200957375
2952    87H52H53+38W    41.00774218829175    -76.44665778661147
2953    87H52H53+26Q    41.007585499307936    -76.44689304133851
2954    87H52H53+26Q    41.007592547597    -76.44687785543834
2955    87H52H53+27F    41.00756307863603    -76.44683169523192
2956    87H52H53+276    41.00754614726764    -76.44686932759026
2957    87H52H53+269    41.00754033005833    -76.44688103847304
2958    87H52H53+263    41.00751094611136    -76.4469462901861
2959    87H52H53+263    41.007505909690714    -76.4469567733449
2960    87H52H43+X6R    41.00749248614283    -76.44699800006386
2961    87H52H53+266    41.007542198829135    -76.44698626052651
2962    87H52H53+266    41.007546769399546    -76.44697542386525
2963    87H52H53+25X    41.00760106452842    -76.44701681409748
2964    87H52H53+25P    41.00759388382359    -76.44703182833331
2965    87H52H53+25W    41.0076242085207    -76.44705655110535
2966    87H52H53+354    41.0076308682112    -76.44704107719231
2967    87H52H53+355    41.00764901883972    -76.44700241229296
2968    87H52H53+364    41.00763085769882    -76.44693168170976
2969    87H52H53+365    41.00764718271434    -76.44690387723118
2970    87H52H53+369    41.00765537146861    -76.44688067254073
2971    87H52H53+37P    41.007713180092765    -76.44680279259828
2972    87H52H53+38C    41.007698331503896    -76.4467282126222
2973    87H52H53+38G    41.007683915577566    -76.44667963403516
2974    87H52H53+38Q    41.007703945003186    -76.44663463960691
2975    87H52H53+39J    41.00771007315687    -76.4466218086721
2976    87H52H53+396    41.0076713706942    -76.44660808562676
2977    87H52H53+396    41.00766530905596    -76.44662167408953
2978    87H52H53+384    41.00763777457243    -76.44668278455681
2979    87H52H53+383    41.00763026740675    -76.44669631937752
2980    87H52H53+27X    41.007601487633146    -76.44675766276254
2981    87H52H53+27Q    41.0075956914119    -76.44677020659192
2982    87H52H53+27W    41.00762335951797    -76.44680733437059
2983    87H52H53+374    41.00762830654647    -76.4467966143422
2984    87H52H53+254    41.00752345886162    -76.44705246912692
2985    87H52H53+36Q    41.00770871604279    -76.44688383911793
2986    87H52H53+36G    41.00768986461587    -76.44691619290333
2987    87H52H53+36M    41.00771742469244    -76.4469453327257
2988    87H52H53+36V    41.007732513879695    -76.44696171231783
2989    87H52H53+36R    41.007739465151005    -76.44699675092531
2990    87H52H53+36C    41.0076829336686    -76.44699159812164
2991    87H52H53+36F    41.0076822530592    -76.4469501518164
2992    87H52H53+46G    41.007801133015896    -76.44692199302247
2993    87H52H53+4CG    41.00780866695265    -76.4464312486518

Elevator
2839    87H52H53+473    41.00777149112033    -76.44683629727623

Point
2840    87H52H53+472    41.007755053125315    -76.44687230620885
2841    87H52H53+465    41.00775090944065    -76.44688092004344
2842    87H52H53+465    41.00775469187631    -76.44688407481608
2843    87H52H53+36X    41.007740164382476    -76.44690453406018
2844    87H52H53+36W    41.00773841528053    -76.4469083435929
2845    87H52H53+36W    41.00774399784017    -76.44690755727545
2846    87H52H53+36W    41.00774221668551    -76.44691139304844
2847    87H52H53+464    41.007760470857534    -76.44692114813779
2848    87H52H53+464    41.00776443535818    -76.44691301441416
2849    87H52H53+46F    41.00780576518698    -76.44694696157204
2850    87H52H53+36M    41.007723948283925    -76.44695083429087
2851    87H52H53+36J    41.00771287647796    -76.4469751097168
2852    87H52H53+36J    41.0077227082038    -76.44698330763653
2853    87H52H53+36F    41.007696551251776    -76.44696178639833
2854    87H52H53+36Q    41.00771644143773    -76.44689019604911
2855    87H52H53+36P    41.007700676728994    -76.44692477658184
2856    87H52H53+36G    41.00768213108603    -76.44693223104156
2857    87H52H53+364    41.00763949536882    -76.44692034199088
2858    87H52H53+37M    41.007701387577264    -76.44682848708979
2859    87H52H53+37F    41.00769309010006    -76.44682167433703
2860    87H52H53+37Q    41.00771284546127    -76.44677890332369
2861    87H52H53+378    41.007665678016835    -76.44679938010508
2862    87H52H53+37H    41.007685390411126    -76.44675675273504
2863    87H52H53+38R    41.00773558720398    -76.44672970197134
2864    87H52H53+482    41.00775168902098    -76.44672377601657
2865    87H52H53+486    41.00778108054597    -76.44674771309059
2866    87H52H53+47H    41.00780793463084    -76.44676947192437
2867    87H52H53+47P    41.007834182609926    -76.44679076449648
2868    87H52H53+47P    41.0078439226057    -76.4467988479362
2869    87H52H53+484    41.007771017686785    -76.44668129974765
2870    87H52H53+484    41.00775509248954    -76.44666825570411
2871    87H52H53+485    41.0077718554008    -76.44663168058801
2872    87H52H53+489    41.00778783633412    -76.44664481279605
2873    87H52H53+489    41.007794911649285    -76.4466295662544
2874    87H52H53+496    41.007778924858094    -76.44661655073821
2875    87H52H53+48H    41.007824851910385    -76.44665391155172
2876    87H52H53+48W    41.00785051766207    -76.44667483495381
2877    87H52H53+583    41.00787603978154    -76.44669569390562
2878    87H52H53+583    41.00788559266283    -76.44670335986387
2879    87H52H53+497    41.00779675561135    -76.4465776644868
2880    87H52H53+49F    41.007812788256054    -76.44659068816337
2881    87H52H53+49P    41.007831847691676    -76.44654904620847
2882    87H52H53+49P    41.00783803403019    -76.4465354101032
2883    87H52H53+494    41.00777486300837    -76.44655986558078
2884    87H52H53+4CF    41.007817566872156    -76.44646664716122
2885    87H52H53+49X    41.00787334542112    -76.44651190147773
2886    87H52H53+4CM    41.00782697401001    -76.44644638976833
2887    87H52H53+39X    41.00773238354251    -76.44652542157162
2888    87H52H53+4C2    41.007750651819045    -76.44648536281484
2889    87H52H53+4C2    41.007757290368666    -76.44647114596863
2890    87H52H53+4C3    41.007764887076675    -76.44645425154607
2891    87H52H53+39P    41.007722871027966    -76.44654596044515
2892    87H52H53+39P    41.007717076020214    -76.44655864652242
2893    87H52H53+39M    41.007713729030016    -76.44656581407084
2894    87H52H53+39C    41.007694081752135    -76.44660878710035
2895    87H52H53+39C    41.00768805772855    -76.4466217935739
2896    87H52H53+38H    41.0076819245565    -76.44663506744587
2897    87H52H53+388    41.00766762077351    -76.44666649006123
2898    87H52H53+387    41.00765406204331    -76.44669579739026
2899    87H52H53+383    41.00764735850282    -76.44671031562478
2900    87H52H53+382    41.00764213339889    -76.44672165798023
2901    87H52H53+27X    41.00761916197146    -76.44677195618328
2902    87H52H53+27W    41.00761341367297    -76.44678456475435
2903    87H52H53+27W    41.00760841716647    -76.44679526875676
2904    87H52H53+27J    41.00758380453903    -76.44684862202085
2905    87H52H53+27J    41.00757648837506    -76.4468647329136
2906    87H52H53+26H    41.00756955218159    -76.4468799107247
2907    87H52H53+26H    41.00756666887713    -76.44688617763123
2908    87H52H53+26H    41.00756120131323    -76.44689806821643
2909    87H52H53+26G    41.00755025959752    -76.4469222511869
2910    87H52H53+267    41.007531417600596    -76.44696308190635
2911    87H52H53+266    41.007526520146435    -76.446973482421
2912    87H52H53+262    41.00751969218565    -76.44698824618418
2913    87H52H53+372    41.00763568924615    -76.4468646538711
2914    87H52H53+26X    41.0076181677352    -76.4469030338828
2915    87H52H53+26W    41.007612050714584    -76.4469163509636
2916    87H52H53+26M    41.0075932899111    -76.4469571244305
2917    87H52H53+25G    41.00755117923285    -76.44704916446418
2918    87H52H53+257    41.00754235728703    -76.44706791325136
2919    87H52H53+25V    41.0076052094392    -76.44709302256646
2920    87H52H53+362    41.00763444490874    -76.44699065209616
2921    87H52H53+25X    41.007616544853185    -76.44702959166469
2922    87H52H53+25W    41.00760956707922    -76.44704473782102
********
Total # of nodes: 155 **********

***********Edges************

2926 2868
2963 2921
2969 2857
2986 2856
2839 2840
2840 2858
2841 2843
2841 2840
2842 2841
2842 2992
2843 2845
2844 2843
2844 2854
2845 2846
2845 2842
2846 2844
2846 2850
2847 2845
2848 2847
2849 2848
2850 2987
2850 2851
2851 2853
2851 2852
2852 2988
2852 2989
2853 2990
2853 2991
2854 2985
2854 2855
2855 2986
2856 2969
2857 2914
2858 2971
2859 2858
2859 2861
2860 2859
2860 2862
2861 2913
2862 2972
2862 2861
2863 2860
2864 2869
2864 2863
2865 2929
2865 2864
2866 2923
2866 2928
2866 2865
2867 2924
2867 2927
2867 2866
2868 2925
2868 2867
2869 2872
2870 2869
2870 2952
2871 2870
2871 2951
2872 2871
2872 2873
2873 2880
2873 2875
2874 2871
2874 2950
2874 2873
2875 2930
2875 2937
2875 2876
2876 2931
2876 2936
2876 2877
2877 2932
2877 2935
2877 2878
2878 2933
2878 2934
2879 2874
2880 2879
2880 2881
2881 2882
2881 2938
2881 2941
2882 2940
2882 2939
2883 2884
2883 2879
2884 2886
2884 2885
2886 2993
2887 2888
2887 2883
2888 2946
2888 2942
2888 2889
2889 2945
2889 2943
2889 2890
2890 2944
2891 2887
2891 2947
2892 2891
2892 2948
2893 2892
2893 2949
2894 2975
2894 2893
2895 2976
2895 2974
2895 2894
2896 2977
2896 2895
2897 2973
2897 2896
2898 2897
2898 2978
2899 2898
2899 2979
2900 2899
2900 2862
2901 2980
2901 2900
2902 2901
2902 2983
2902 2981
2903 2902
2903 2982
2904 2955
2904 2903
2905 2954
2905 2904
2906 2953
2906 2905
2907 2906
2907 2956
2908 2957
2908 2907
2909 2910
2909 2908
2910 2911
2910 2962
2910 2958
2911 2912
2911 2959
2911 2961
2912 2960
2913 2914
2913 2970
2914 2915
2915 2968
2915 2916
2916 2920
2916 2917
2916 2909
2917 2918
2917 2919
2918 2984
2920 2967
2920 2921
2921 2922
2921 2966
2922 2965
2922 2964
Total # of Edges: 163