
***********Nodes************

Bathroom
1141    87H52H53+7F8    41.00817153786761    -76.4462922343321
1245    87H52H53+5FQ    41.00797034627527    -76.44627285933657
1246    87H52H53+6FJ    41.00808958591688    -76.4463642348928
1247    87H52H53+7F2    41.008142964536994    -76.44635768277205
1248    87H52H53+6FH    41.008059087591526    -76.4462542127371
1249    87H52H53+5GH    41.00794484335999    -76.4461292869395
1250    87H52H53+6G5    41.00801850472721    -76.44613332109668
1251    87H52H53+7F5    41.00814742655907    -76.44625042568465
1252    87H52H53+7FH    41.008179708141085    -76.4462748167773
1253    87H52H53+7GM    41.00820173785022    -76.44619129977342
1254    87H52H53+7GX    41.00823590318066    -76.4461495425211
1255    87H52H53+7GX    41.00824117271686    -76.44613929297182
1256    87H52H53+8H3    41.00826147407    -76.44609110134114
1257    87H52H53+8H3    41.00826678947224    -76.44608021101254
1258    87H52H53+7G9    41.008155480734025    -76.44613616467096
1259    87H52H53+7GH    41.00818412628267    -76.44614219817797
1260    87H52H53+7HC    41.00819834922624    -76.44609992189355
1261    87H52H53+7HM    41.00821269532549    -76.44606715553053
1262    87H52H53+7HP    41.008223076943075    -76.4460405405762
1263    87H52H53+6HV    41.008122106462665    -76.44606863597205
1264    87H52H53+5JC    41.00793477801005    -76.44597329956547
1265    87H52H53+6HX    41.008103852862114    -76.44603015900704
1266    87H52H53+6J7    41.008034696582584    -76.44594478882084
1267    87H52H53+5JP    41.00797309646374    -76.44593132328112
1268    87H52H53+5JG    41.007939240154975    -76.44590762886423
1269    87H52H53+6JV    41.008121642156574    -76.44594630570985
1270    87H52H53+5MV    41.00798233441332    -76.4458400637231
1271    87H52H53+5PR    41.007992458574805    -76.44573710721981
1272    87H52H53+7M6    41.00816631323293    -76.44587352693965
1273    87H52H53+4PC    41.00781068998303    -76.44574719259265
1274    87H52H53+4MP    41.00784090229712    -76.44579074396594
1275    87H52H53+4MG    41.007820121000876    -76.44581062352455
1276    87H52H53+4MF    41.007821362771615    -76.44583377051006
1277    87H52H53+4MC    41.00780669925854    -76.44586655934216
1278    87H52H53+4J9    41.00779702749332    -76.44588545802672
1279    87H52H53+4M8    41.007780472941704    -76.44578797430168
1280    87H52H53+4M3    41.00776976118755    -76.44581798502516
1281    87H52H53+4M3    41.00775379027345    -76.44584147397218
1282    87H52H53+3HJ    41.00771767464668    -76.44610337888788
1283    87H52H53+3HM    41.00770294428799    -76.44607328934819
1284    87H52H53+4H8    41.00779440772038    -76.44605229091106
1285    87H52H53+5H4    41.0078927436043    -76.4460373952778
1286    87H52H53+3JJ    41.007701076722796    -76.44599548688585
1287    87H52H53+5H6    41.00790167962097    -76.44611568047938
1288    87H52H53+4GP    41.00782676893748    -76.44618079865558

Entrance
1101    87H52H53+4FX    41.0078733398607    -76.44627226819371
1102    87H52H53+5CX    41.00798058813475    -76.44637640523219
1103    87H52H53+4G3    41.00775064155241    -76.44620778210022
1104    87H52H53+7FW    41.00824329810564    -76.44628143070055
1105    87H52H53+3MC    41.00767907596128    -76.44585464280358
1106    87H52H53+7GR    41.0082392045371    -76.44624294588698
1107    87H52H53+3MM    41.00770787277843    -76.44584086914156
1108    87H52H53+8J6    41.00827586477594    -76.44599412838217
1109    87H52H53+4PW    41.00785816753539    -76.44568196908473
1110    87H52H53+7JV    41.00824263097933    -76.44595224157179
1111    87H52H53+5P7    41.0079006242504    -76.44569405894042
1112    87H52H53+6MQ    41.0080949450869    -76.44577180182935

Elevator
1121    87H52H53+6FF    41.00805308004218    -76.44632916015763

Point
1122    87H52H53+5F5    41.00788007909296    -76.44625773125118
1123    87H52H53+5F5    41.00789750893586    -76.4462706848279
1124    87H52H53+4GR    41.0078631849135    -76.44624477878683
1125    87H52H53+5G7    41.007924471128746    -76.44620985094204
1126    87H52H53+5G4    41.00788973523484    -76.4461838012521
1127    87H52H53+4GQ    41.00784136980492    -76.44614730077289
1128    87H52H53+5FX    41.0079797176311    -76.4462516270882
1129    87H52H53+6F8    41.00802880041033    -76.44628873285244
1130    87H52H53+6F4    41.00801957350705    -76.44630913033976
1131    87H52H53+5FW    41.007998917992126    -76.44629351182188
1132    87H52H53+5FR    41.0079752027513    -76.44634708195862
1133    87H52H53+5FR    41.00798679034349    -76.44636200245313
1134    87H52H53+5FR    41.00799405214666    -76.44636758486554
1135    87H52H53+6FF    41.008060576828754    -76.44631263028784
1136    87H52H53+6FF    41.00806590361497    -76.44631673656201
1137    87H52H53+6FM    41.00807717009712    -76.4463253272848
1138    87H52H53+6FC    41.00806778861935    -76.4463477615995
1139    87H52H53+6FQ    41.00808472838266    -76.44627359578091
1140    87H52H53+6GR    41.00810035434148    -76.44623844194379
1142    87H52H53+6GR    41.008108114325395    -76.44622085157086
1143    87H52H53+6GV    41.008116920434794    -76.44620111668485
1144    87H52H53+7G2    41.008146893370274    -76.44622383663683
1145    87H52H53+7G7    41.00815412465157    -76.44620760177028
1146    87H52H53+7FW    41.00822629775225    -76.44628378157076
1147    87H52H53+7FX    41.008231614083996    -76.44627253006568
1148    87H52H53+7FX    41.008228301467085    -76.44626348920858
1149    87H52H53+6GW    41.008123369292605    -76.4461855440614
1150    87H52H53+6GW    41.008107382375165    -76.44617336616925
1151    87H52H53+6GX    41.008117409801606    -76.44615112492745
1152    87H52H53+7G8    41.00816046208854    -76.44618359504044
1153    87H52H53+7G8    41.00816858555452    -76.44616628963315
1154    87H52H53+7G8    41.00817032404229    -76.44616158024067
1155    87H52H53+7G9    41.008174915503446    -76.44615079353018
1156    87H52H53+7GG    41.00818476914383    -76.4461784903126
1157    87H52H53+7GG    41.00819212099735    -76.44616230452101
1158    87H52H53+7GP    41.00820159477628    -76.4461624524427
1159    87H52H53+7GP    41.008204014398316    -76.44615727624253
1160    87H52H53+7GQ    41.008214585735196    -76.44613350570988
1161    87H52H53+7HJ    41.008219139580234    -76.4461228882912
1162    87H52H53+7HJ    41.00822143004047    -76.44611758557195
1163    87H52H53+7HV    41.00823585150259    -76.44608468850237
1164    87H52H53+7HV    41.008240192793416    -76.44607499687554
1165    87H52H53+7HV    41.00824514544017    -76.44606379497979
1166    87H52H53+7HW    41.00824721658654    -76.44605892324189
1167    87H52H53+7H7    41.00815133066581    -76.446073188973
1168    87H52H53+7H8    41.00815972965481    -76.44605441936538
1169    87H52H53+7H4    41.00813649913796    -76.44603706549097
1170    87H52H53+7H4    41.008130205473805    -76.4460499811434
1171    87H52H53+7H4    41.008127920787736    -76.44605543070357
1172    87H52H53+7H5    41.0081453811602    -76.44601687805687
1173    87H52H53+7H8    41.0081685943294    -76.44603431114953
1174    87H52H53+7H9    41.00815177356361    -76.44600107500538
1175    87H52H53+7J6    41.00816251832755    -76.44597724211563
1176    87H52H53+7JG    41.00819088214208    -76.4459132264324
1177    87H52H53+7JP    41.00821447875817    -76.4459311509691
1178    87H52H53+7J9    41.008159095697856    -76.44588920878215
1179    87H52H53+6J8    41.008045520656815    -76.44592085006578
1180    87H52H53+6MR    41.008112357794936    -76.4458537679879
1181    87H52H53+6MV    41.008123479675476    -76.44582844106492
1182    87H52H53+6MP    41.00808312169403    -76.44579803464082
1183    87H52H53+6M8    41.00803012030848    -76.44579174355884
1184    87H52H53+6M9    41.00804139968753    -76.44576652731051
1185    87H52H53+5MX    41.00798390489165    -76.44575708068908
1186    87H52H53+5PJ    41.0079722702547    -76.44574826661771
1187    87H52H53+5MQ    41.00796648591059    -76.4457618836203
1188    87H52H53+5PC    41.007946876017094    -76.44574683213979
1189    87H52H53+5PJ    41.00795263268105    -76.44573327788623
1190    87H52H53+5PF    41.007929430309815    -76.44571575301327
1191    87H52H53+5MG    41.007944684599934    -76.44581158640428
1192    87H52H53+5MC    41.007927510745844    -76.4458503605793
1193    87H52H53+5M7    41.007907645541955    -76.4458352604928
1194    87H52H53+5M2    41.007899061492765    -76.44585489649124
1195    87H52H53+5M6    41.00791885103336    -76.44586979478348
1196    87H52H53+5J9    41.00791160630991    -76.44588660650837
1197    87H52H53+5M2    41.00789164835242    -76.44587161577266
1198    87H52H53+5JM    41.0079646426518    -76.445950780418
1199    87H52H53+5J9    41.007903585745375    -76.44590474227286
1200    87H52H53+5J3    41.007888645146124    -76.44593856296709
1201    87H52H53+4JV    41.0078558408557    -76.4459526122169
1202    87H52H53+4JJ    41.00784566811468    -76.4459758702812
1203    87H52H53+5H9    41.00790154121764    -76.44601797755212
1204    87H52H53+5HP    41.007955518046735    -76.44605872249625
1205    87H52H53+5HC    41.007929647702596    -76.44611784305151
1206    87H52H53+5G9    41.007923435649154    -76.44613202968686
1207    87H52H53+6H6    41.008027444252136    -76.4461130968038
1208    87H52H53+4JF    41.00782257241572    -76.44595833161394
1209    87H52H53+4JP    41.007832974004    -76.44593526416755
1210    87H52H53+4JF    41.007802166499395    -76.44594304833052
1211    87H52H53+4J7    41.007795758926015    -76.44595757509654
1212    87H52H53+4J4    41.00776472380926    -76.44593418115944
1213    87H52H53+4J4    41.00777190621993    -76.4459181414255
1214    87H52H53+3MJ    41.00770267929181    -76.44586611444608
1215    87H52H53+3MC    41.00769448969949    -76.44586618436412
1216    87H52H53+3JH    41.00768977873705    -76.445877561734
1217    87H52H53+4J6    41.00778008751289    -76.44599291356819
1218    87H52H53+3JV    41.007744694496196    -76.44596623131677
1219    87H52H53+4H5    41.007764226857006    -76.44602957732802
1220    87H52H53+4J5    41.007762581976515    -76.44588227944651
1221    87H52H53+4M2    41.00777071522418    -76.44586578387825
1222    87H52H53+4M2    41.007774352888475    -76.44585698049391
1223    87H52H53+4M6    41.0077795521667    -76.44584602965097
1224    87H52H53+4M7    41.0077859097655    -76.44583022479065
1225    87H52H53+4M7    41.00779379974149    -76.44581317431812
1226    87H52H53+4M8    41.00779850712321    -76.44580166743394
1227    87H52H53+4MG    41.007801137561664    -76.44579626145389
1228    87H52H53+4MH    41.007818108112474    -76.44577344727276
1229    87H52H53+4MH    41.00782489702532    -76.44575805726714
1230    87H52H53+4MH    41.00781982002916    -76.44575410613942
1231    87H52H53+4MH    41.00781287294646    -76.44576967493406
1232    87H52H53+3HQ    41.00772412526112    -76.44601275066103
1233    87H52H53+3HV    41.007748181929635    -76.44606543494436
1234    87H52H53+3HV    41.00774436541887    -76.44607408671578
1235    87H52H53+3HV    41.00773400671929    -76.44606639384264
1236    87H52H53+3HW    41.00773786471387    -76.44605764803022
1237    87H52H53+3HP    41.00771288880711    -76.44603886322834
1238    87H52H53+3HM    41.007723806175214    -76.4460892397438
1239    87H52H53+4H6    41.007783229482904    -76.44610336081307
1240    87H52H53+4G5    41.00777279773814    -76.44612678583287
1241    87H52H53+4G9    41.007793328040805    -76.44614223163367
1242    87H52H53+4G3    41.00777062157344    -76.446194141473
1243    87H52H53+3GW    41.00774830211041    -76.44618310216993
1244    87H52H53+4G3    41.00775823373661    -76.44619059806051

Stairs
1113    87H52H53+5FR    41.007988780051235    -76.44635730281077
1114    87H52H53+4G4    41.007758581540315    -76.44618488988368
1115    87H52H53+7FQ    41.00822317182663    -76.44627541465793
1116    87H52H53+3JH    41.00769848748012    -76.44587582821387
1117    87H52H53+7H2    41.008129144578916    -76.44612425027105
1118    87H52H53+4JW    41.007867696759625    -76.44592636229483
1119    87H52H53+8H5    41.00826527877821    -76.44601810758856
1120    87H52H53+4PM    41.00784817590519    -76.44570461362594
********
Total # of nodes: 188 **********

***********Edges************

1251 1252
1101 1122
1103 1244
1104 1147
1105 1215
1107 1220
1122 1123
1122 1124
1123 1125
1124 1126
1125 1126
1125 1128
1127 1288
1127 1126
1128 1245
1129 1130
1129 1128
1129 1135
1130 1131
1130 1134
1132 1131
1133 1102
1134 1133
1135 1136
1135 1121
1136 1137
1136 1139
1137 1138
1138 1246
1139 1248
1139 1140
1140 1141
1140 1142
1141 1247
1142 1251
1142 1143
1143 1144
1143 1149
1144 1145
1145 1148
1146 1144
1147 1146
1148 1115
1149 1150
1150 1151
1151 1152
1151 1117
1152 1106
1152 1153
1153 1154
1153 1156
1154 1155
1155 1258
1156 1157
1156 1253
1157 1158
1157 1154
1158 1159
1159 1259
1159 1160
1160 1254
1160 1161
1161 1162
1161 1255
1162 1260
1162 1163
1163 1261
1163 1164
1164 1165
1164 1256
1165 1257
1165 1166
1166 1262
1166 1119
1167 1168
1168 1173
1169 1168
1169 1170
1170 1171
1170 1265
1171 1167
1171 1263
1172 1169
1172 1174
1173 1172
1173 1177
1174 1175
1174 1179
1175 1269
1176 1175
1176 1178
1177 1110
1177 1176
1178 1272
1178 1180
1179 1266
1180 1181
1180 1183
1181 1182
1182 1112
1183 1184
1183 1185
1184 1182
1185 1271
1185 1186
1186 1187
1186 1189
1187 1191
1188 1187
1188 1193
1189 1188
1189 1190
1190 1111
1190 1209
1191 1270
1191 1192
1192 1195
1193 1192
1193 1194
1194 1197
1194 1195
1196 1195
1196 1268
1196 1199
1197 1196
1197 1118
1198 1267
1199 1200
1199 1198
1200 1264
1201 1202
1201 1209
1202 1203
1203 1204
1204 1205
1204 1207
1205 1249
1205 1206
1206 1287
1207 1250
1207 1150
1208 1202
1209 1208
1209 1220
1210 1208
1211 1210
1211 1217
1212 1213
1212 1211
1213 1214
1214 1116
1215 1216
1216 1212
1217 1218
1218 1232
1219 1284
1219 1217
1220 1221
1221 1222
1221 1278
1222 1223
1222 1281
1223 1224
1223 1277
1224 1280
1225 1276
1225 1224
1225 1226
1226 1227
1226 1279
1227 1275
1227 1231
1228 1231
1228 1274
1229 1228
1229 1120
1230 1273
1230 1229
1231 1230
1232 1286
1232 1237
1233 1219
1233 1234
1234 1239
1235 1234
1235 1238
1236 1233
1236 1235
1237 1236
1238 1282
1238 1283
1239 1240
1239 1127
1240 1241
1240 1243
1241 1242
1242 1114
1243 1244
1113 1132
1117 1167
1118 1201
1119 1108
1120 1109
Total # of Edges: 203