
***********Nodes************

Bathroom
1359    87H52H53+5F8    41.00791789439032    -76.44630321188373
1360    87H52H53+6FC    41.008053764625814    -76.44635458776003
1361    87H52H53+6CP    41.00808335729595    -76.4464153908172
1362    87H52H53+6CX    41.00811707941563    -76.44638866432452
1363    87H52H53+6CW    41.008114847034875    -76.44641371541996
1364    87H52H53+7F3    41.00814130646984    -76.44633408535292
1365    87H52H53+7F7    41.00816866370234    -76.44631906351717
1366    87H52H53+7F9    41.00816667815372    -76.44627615484248
1367    87H52H53+6GX    41.00810930977578    -76.44615030332501
1368    87H52H53+5HX    41.0079796276531    -76.44600114787657
1369    87H52H53+4JP    41.00784790703193    -76.4459214416469
1370    87H52H53+5J5    41.00788340427382    -76.44587699076531
1371    87H52H53+3J8    41.007669435683006    -76.44592671342303
1372    87H52H53+3JP    41.00770510176516    -76.44592487170189
1373    87H52H53+3JJ    41.007716972606026    -76.44599734818468
1374    87H52H53+3J6    41.00766794662457    -76.4459760469797
1375    87H52H53+3HQ    41.0077082264883    -76.44602431437848
1376    87H52H53+3J6    41.0076661547806    -76.4459988888963
1377    87H52H53+3HF    41.00769199913912    -76.44606396979943
1378    87H52H53+3H7    41.007651181928495    -76.44608717072163
1379    87H52H53+3H4    41.00763931545583    -76.4460341961625
1380    87H52H53+3H4    41.00763490811859    -76.44604454902107
1381    87H52H53+4GC    41.00781924231453    -76.44623120637421
1382    87H52H53+6GC    41.008063912504035    -76.44624757416129
1383    87H52H53+6GM    41.00809131017246    -76.44619087217005
1384    87H52H53+5HC    41.00793800490024    -76.44610499481891
1385    87H52H53+4JC    41.007801731361546    -76.44598019753975
1386    87H52H53+4H8    41.007778345995135    -76.44603317262619
1387    87H52H53+5GH    41.007931975471266    -76.44615228245593

Elevator
1291    87H52H53+6F7    41.008049155421084    -76.44632843769212

Point
1292    87H52H53+5FH    41.00793753156392    -76.44625845777979
1293    87H52H53+5FP    41.00797130185156    -76.4462839122664
1294    87H52H53+5FX    41.00798116208938    -76.44626139556073
1295    87H52H53+6F4    41.00802095105279    -76.44629154332746
1296    87H52H53+6F4    41.00801257064076    -76.44631023819286
1297    87H52H53+5FW    41.00798885475149    -76.44629218795991
1298    87H52H53+5FM    41.007967444554446    -76.4463403887071
1299    87H52H53+5FR    41.00799197732083    -76.44635892807156
1300    87H52H53+6FF    41.00805443009051    -76.44631657830422
1301    87H52H53+6FF    41.00806664726195    -76.44632592423788
1302    87H52H53+6FC    41.0080586079994    -76.44634450332516
1303    87H52H53+6CX    41.00810072493203    -76.44637639683044
1304    87H52H53+6CQ    41.00809598614765    -76.44638652182529
1305    87H52H53+6CQ    41.008091792883704    -76.4463964677455
1306    87H52H53+6FQ    41.00809190954204    -76.446268791249
1307    87H52H53+6GR    41.00810183577501    -76.44624659895264
1308    87H52H53+7F8    41.00816040037782    -76.4462908805532
1309    87H52H53+7FG    41.00817589190467    -76.44630250968753
1310    87H52H53+7G3    41.008126371761776    -76.4461906627132
1311    87H52H53+7GC    41.008188631922955    -76.44623775689846
1312    87H52H53+7GC    41.00818406507787    -76.44624877423963
1313    87H52H53+7FQ    41.008220802279006    -76.44627659874396
1314    87H52H53+6GW    41.00810011541717    -76.44617090525148
1315    87H52H53+6G9    41.008045238427904    -76.44612960072692
1316    87H52H53+6HC    41.00805472433046    -76.44610779208921
1317    87H52H53+6H2    41.00800381602958    -76.4460982647338
1318    87H52H53+5HR    41.00799293298543    -76.44612221401866
1319    87H52H53+5HJ    41.00795726590415    -76.44609534158158
1320    87H52H53+5HF    41.00794622550919    -76.44608703594093
1321    87H52H53+5HP    41.00796296845215    -76.4460385611181
1322    87H52H53+5J2    41.00789708422666    -76.44598886008615
1323    87H52H53+5H5    41.007887532273706    -76.44601049005043
1324    87H52H53+5H9    41.0079089661672    -76.44602659407266
1325    87H52H53+5H4    41.007898183585894    -76.44605084071435
1326    87H52H53+4JF    41.007812925979366    -76.44595419969463
1327    87H52H53+4JG    41.00782332981298    -76.4459307776118
1328    87H52H53+4JM    41.007838550915665    -76.44594220779517
1329    87H52H53+4JV    41.00785065028587    -76.44595138298664
1330    87H52H53+4J8    41.00778750074521    -76.44593488319026
1331    87H52H53+4J4    41.00775557379256    -76.4459109747542
1332    87H52H53+4J4    41.00775073583003    -76.4459206725428
1333    87H52H53+3MC    41.00768134210699    -76.4458684542507
1334    87H52H53+4J2    41.007760530114965    -76.44599554324189
1335    87H52H53+3JM    41.00770881961935    -76.44595647135456
1336    87H52H53+3JF    41.007695445625075    -76.44594636361379
1337    87H52H53+3JC    41.00769739887625    -76.44598261675489
1338    87H52H53+3JC    41.00769203297602    -76.44599426364789
1339    87H52H53+3HH    41.00768620712185    -76.44600772531103
1340    87H52H53+3HH    41.00768405152369    -76.44601245158843
1341    87H52H53+3HH    41.00767599575338    -76.4460310073531
1342    87H52H53+3H8    41.00766894343422    -76.44604642511797
1343    87H52H53+3H8    41.007665811543774    -76.4460541449972
1344    87H52H53+3H7    41.00766128085088    -76.44606430834567
1345    87H52H53+4H5    41.00775282804146    -76.44601383653026
1346    87H52H53+3HV    41.00772781733302    -76.44607009845637
1347    87H52H53+4H2    41.00777316554155    -76.44610438611392
1348    87H52H53+4H2    41.00776644826205    -76.4461195302145
1349    87H52H53+4G9    41.00779074851677    -76.44613782125101
1350    87H52H53+4G3    41.007767612038194    -76.44619046661283
1351    87H52H53+3GW    41.007743101752105    -76.44617198512954
1352    87H52H53+4GH    41.007809739193505    -76.44613191156924
1353    87H52H53+4G9    41.00779951038809    -76.44615550087116
1354    87H52H53+4GP    41.00783956417838    -76.44618565766788
1355    87H52H53+5G3    41.00788682555101    -76.44619006573075
1356    87H52H53+5G3    41.00787641428284    -76.4462134804741
1357    87H52H53+5G7    41.0079094314558    -76.44620722070329
1358    87H52H53+5G2    41.007899619296765    -76.44622984607115

Stairs
1289    87H52H53+5FJ    41.007974364035235    -76.44634560541886
1290    87H52H53+4G4    41.00775994147521    -76.44618470214185
********
Total # of nodes: 99 **********

***********Edges************

1367 1383
1292 1358
1292 1359
1293 1292
1294 1295
1294 1293
1295 1296
1295 1300
1296 1297
1297 1298
1298 1289
1299 1296
1300 1291
1300 1301
1301 1302
1301 1306
1302 1303
1303 1362
1303 1304
1304 1360
1304 1305
1305 1363
1305 1361
1306 1382
1306 1307
1307 1308
1307 1310
1308 1366
1308 1309
1308 1364
1309 1365
1310 1311
1310 1314
1311 1312
1312 1313
1314 1367
1314 1315
1315 1316
1315 1317
1316 1321
1317 1318
1317 1324
1318 1319
1319 1320
1319 1387
1320 1384
1321 1368
1321 1322
1322 1323
1323 1324
1323 1326
1324 1325
1326 1327
1326 1385
1326 1330
1327 1328
1328 1329
1328 1369
1329 1370
1330 1334
1330 1331
1331 1332
1332 1333
1334 1345
1334 1335
1335 1336
1335 1337
1336 1372
1336 1371
1337 1373
1337 1338
1338 1374
1338 1339
1339 1375
1339 1340
1340 1376
1340 1341
1341 1342
1341 1346
1342 1377
1342 1343
1343 1379
1343 1344
1344 1380
1344 1378
1345 1386
1346 1345
1346 1347
1347 1352
1347 1348
1348 1349
1349 1350
1350 1290
1351 1348
1352 1353
1353 1354
1354 1356
1354 1381
1355 1352
1355 1357
1356 1355
1357 1294
1358 1357
Total # of Edges: 103