
***********Nodes************

Bathroom
1444    87H52H53+5FQ    41.00795463407757    -76.4462610582603
1445    87H52H53+6FP    41.00808540579776    -76.4462933470091
1446    87H52H53+6GF    41.00807040042393    -76.44621794220777
1447    87H52H53+6GC    41.00806101958322    -76.44623838491583
1448    87H52H53+6G8    41.0080498205888    -76.44616836258268
1449    87H52H53+5GX    41.00797612571886    -76.44614961116493
1450    87H52H53+5HR    41.00799382884042    -76.44610729570574
1451    87H52H53+5GQ    41.00796192096855    -76.44613969851156
1452    87H52H53+5HR    41.00798029873647    -76.44609647758378
1453    87H52H53+5H6    41.00791297998872    -76.44610215404632
1454    87H52H53+5HG    41.00793014222646    -76.44606044082504
1455    87H52H53+5H3    41.007897527623584    -76.44609039033342
1456    87H52H53+5H8    41.00791593164258    -76.44604991748693
1457    87H52H53+4HV    41.00786623990225    -76.44606650012561
1458    87H52H53+4HX    41.0078661164772    -76.44601076822603
1459    87H52H53+4HX    41.00785267587847    -76.446000586455
1460    87H52H53+4J7    41.007795857079785    -76.44595210443052
1461    87H52H53+4J6    41.0077844074436    -76.44597681927193
1462    87H52H53+4J6    41.00777993862973    -76.44598694977033
1463    87H52H53+4H5    41.00776341414146    -76.44602615080623
1464    87H52H53+4H4    41.0077592044911    -76.44603674288209
1465    87H52H53+3HW    41.007738919125885    -76.44605256947119
1466    87H52H53+3HR    41.00774652091356    -76.44610655927063
1467    87H52H53+4GG    41.007824442361986    -76.44616149728728
1468    87H52H53+4F9    41.00779975245673    -76.44625438643608
1469    87H52H53+4FW    41.00785206546983    -76.44630432685972
1470    87H52H53+4FQ    41.007842378348734    -76.44626345083859
1471    87H52H53+5F5    41.007899117058805    -76.44625599631114
1472    87H52H53+4GR    41.007859452135236    -76.4462262121791
1473    87H52H53+5G3    41.00789062732025    -76.44621687487796
1474    87H52H53+4H7    41.00779933995072    -76.44608435897648
1475    87H52H53+4HF    41.007803366309766    -76.44607523149323
1476    87H52H53+4GX    41.0078584172352    -76.44613933172703
1477    87H52H53+5G4    41.00788290346373    -76.44615884679759
1478    87H52H53+5GG    41.00794003461637    -76.44616576316024
1479    87H52H53+6F5    41.00800856652574    -76.44625777640722
1480    87H52H53+6G6    41.00802569158206    -76.44622133921318
1481    87H52H53+6G7    41.0080370220325    -76.44619344268601
1482    87H52H53+5F7    41.007908833950296    -76.44633647237099

Elevator
1388    87H52H53+6F7    41.0080498029529    -76.44632540947723

Point
1389    87H52H53+6FF    41.008073490639866    -76.44631986198644
1390    87H52H53+6FG    41.008057682599166    -76.44630782681668
1391    87H52H53+6F4    41.00802447498041    -76.44628278346323
1392    87H52H53+5FR    41.00799251741282    -76.44635530217789
1393    87H52H53+5GR    41.00798072433696    -76.44624978383848
1394    87H52H53+5GR    41.00798503967626    -76.44624028583723
1395    87H52H53+6G3    41.00800141353958    -76.44620317489431
1396    87H52H53+6G3    41.008005496669476    -76.44619383144565
1397    87H52H53+6G4    41.00800864847522    -76.44618668263013
1398    87H52H53+6G7    41.008032039389775    -76.44620434264621
1399    87H52H53+6GC    41.008065121951226    -76.44622938270459
1400    87H52H53+5GP    41.00796909191445    -76.44616640402671
1401    87H52H53+5GQ    41.00795517608973    -76.44615590378551
1402    87H52H53+5GH    41.00794694129058    -76.44614957880448
1403    87H52H53+5H6    41.00790563930019    -76.44611848543414
1404    87H52H53+5H2    41.007890382183454    -76.44610706779362
1405    87H52H53+4HV    41.00785922110443    -76.44608349399668
1406    87H52H53+4H8    41.007792270763076    -76.44603295673139
1407    87H52H53+6G5    41.008021993123094    -76.44615616387996
1408    87H52H53+6G5    41.00802488214069    -76.44614940722201
1409    87H52H53+6H6    41.00803761830523    -76.44612076080432
1410    87H52H53+6H3    41.0080000571408    -76.44609241541377
1411    87H52H53+5HV    41.00798647686144    -76.44608211225284
1412    87H52H53+5HG    41.00793737462609    -76.44604511703238
1413    87H52H53+5H8    41.00792270766987    -76.44603399208295
1414    87H52H53+4JR    41.00787260308303    -76.44599608202753
1415    87H52H53+4JR    41.00785915648965    -76.44598593841958
1416    87H52H53+4JF    41.00782423787568    -76.4459595819666
1417    87H52H53+4JC    41.00781948133454    -76.44596991248304
1418    87H52H53+4JC    41.007808560407895    -76.44599501979134
1419    87H52H53+4HH    41.00780414014447    -76.44600507219846
1420    87H52H53+4H8    41.00778688295567    -76.44604398213302
1421    87H52H53+4H8    41.00778240847916    -76.44605412546822
1422    87H52H53+4H8    41.00778082002332    -76.44605826677608
1423    87H52H53+4H7    41.00777677243667    -76.44606733935512
1424    87H52H53+4H3    41.007772218916735    -76.44607779549696
1425    87H52H53+4H3    41.00776272858073    -76.44607045961601
1426    87H52H53+4H3    41.00775761870409    -76.44608137445086
1427    87H52H53+4H3    41.00776728723859    -76.44608876454173
1428    87H52H53+4H6    41.00779836076168    -76.44611210011641
1429    87H52H53+4G9    41.00778627681138    -76.4461389265016
1430    87H52H53+4H2    41.007765062497384    -76.44612291500728
1431    87H52H53+3GW    41.007744710965575    -76.4461695474871
1432    87H52H53+4GX    41.0078525134783    -76.44615289457123
1433    87H52H53+5G4    41.00787771322615    -76.44617194858199
1434    87H52H53+5G7    41.00790205359648    -76.44619037992777
1435    87H52H53+5GC    41.00794738639345    -76.4462246212482
1436    87H52H53+5GC    41.007937140080884    -76.44624778935324
1437    87H52H53+5F9    41.007924913536804    -76.44627514620106
1438    87H52H53+5F7    41.00790077053939    -76.4463304087135
1439    87H52H53+4FW    41.00785545597416    -76.4462962279238
1440    87H52H53+4FH    41.00780582937241    -76.44625884840674
1441    87H52H53+4GC    41.00781333448721    -76.4462416363815
1442    87H52H53+4GM    41.00783016544309    -76.44620381878963
1443    87H52H53+4GP    41.00784277136761    -76.44617534361967
********
Total # of nodes: 95 **********

***********Edges************

1444 1436
1388 1390
1389 1445
1390 1389
1391 1392
1391 1390
1393 1394
1393 1391
1394 1479
1394 1395
1395 1396
1395 1480
1396 1397
1396 1400
1397 1398
1398 1481
1398 1399
1399 1446
1399 1447
1400 1449
1400 1401
1401 1402
1401 1451
1402 1478
1402 1403
1403 1453
1403 1404
1404 1455
1404 1405
1405 1457
1405 1406
1406 1420
1406 1419
1408 1407
1408 1448
1409 1408
1410 1450
1410 1409
1411 1452
1411 1410
1412 1454
1412 1411
1413 1456
1413 1412
1414 1458
1414 1413
1415 1414
1415 1459
1416 1415
1417 1416
1417 1460
1418 1461
1418 1417
1418 1407
1419 1418
1419 1462
1420 1421
1420 1463
1421 1422
1421 1464
1422 1475
1422 1423
1423 1474
1423 1424
1424 1427
1425 1424
1425 1465
1426 1425
1426 1466
1427 1426
1427 1428
1428 1429
1428 1432
1429 1430
1430 1431
1432 1476
1432 1433
1433 1434
1433 1477
1434 1473
1435 1393
1435 1434
1436 1437
1436 1435
1437 1471
1437 1438
1438 1482
1438 1439
1439 1469
1439 1440
1440 1441
1440 1468
1441 1470
1441 1442
1442 1472
1442 1443
1443 1432
1443 1467
Total # of Edges: 98