
***********Nodes************

Bathroom
1065    87H52H42+MMQ    41.006715451988036    -76.44826580771499
1066    87H52H42+MPJ    41.00671263826313    -76.44823759187491
1067    87H52H42+MPV    41.00673379585868    -76.4482098827589
1068    87H52H42+MPV    41.00673838514758    -76.44819871431096
1069    87H52H42+PP4    41.00675248005812    -76.44816584850642
1070    87H52H42+PP5    41.00675904692842    -76.44812929262888
1071    87H52H42+PQ6    41.00678214462088    -76.44811836168601
1072    87H52H42+PPC    41.006807320300986    -76.44822174168765
1073    87H52H42+PPM    41.006834937707296    -76.44821195882858
1074    87H52H42+PPV    41.00687211929643    -76.44821553670637
1075    87H52H42+QP2    41.0068818509323    -76.44822232666391
1076    87H52H42+QMH    41.006947200920486    -76.44826992589785
1077    87H52H42+QMV    41.006996006699865    -76.44832486109912
1078    87H52H42+QMQ    41.00697076008789    -76.44827711548133
1079    87H52H42+QM9    41.00692172848641    -76.44826093824983
1080    87H52H42+QMJ    41.00697098705166    -76.44835026873017
1081    87H52H42+QMR    41.00699290272383    -76.44836678110374
1082    87H52H42+RM2    41.00700129538455    -76.44837375256203
1083    87H52H42+RM6    41.007027172641195    -76.44834515563244
1084    87H52H42+RMF    41.00707288896825    -76.44834343356744
1085    87H52H42+RMJ    41.00707708126042    -76.44837192949645
1086    87H52H42+RJH    41.007055417769514    -76.44839874158602
1087    87H52H42+RJ8    41.007041307659804    -76.44843153271465
1088    87H52H42+RJ7    41.00703604727214    -76.44844295659185
1089    87H52H42+RJ6    41.007029370842865    -76.44848028686302
1090    87H52H42+RJ2    41.007007486366355    -76.4484879724619
1091    87H52H42+QJQ    41.00695895925716    -76.44840355955584
1092    87H52H42+QJH    41.00693422605102    -76.4484048077877
1093    87H52H42+QJ8    41.00691564439066    -76.44841438498695
1094    87H52H42+QJ8    41.00690476553091    -76.44840767450398
1095    87H52H42+PJX    41.00686824748766    -76.44837812155772
1096    87H52H42+PMR    41.00685824155222    -76.44836985105701
1097    87H52H42+PMF    41.00682020494269    -76.44834287148652
1098    87H52H42+PMF    41.00681267614119    -76.44833747218867
1099    87H52H42+PM9    41.00679698267223    -76.44827841317995
1100    87H52H42+PMX    41.00686470094127    -76.44825888418578

Elevator
1018    87H52H42+QMG    41.006930155067245    -76.44830243712352

Point
1019    87H52H42+MMW    41.00674311018285    -76.44829791519447
1020    87H52H42+PP2    41.00677486283961    -76.44822659563751
1021    87H52H42+PP3    41.00675707825861    -76.44821278413285
1022    87H52H42+PP2    41.00675218773265    -76.44822378209514
1023    87H52H42+MMX    41.0067376386819    -76.44825632089946
1024    87H52H42+MPJ    41.00672434001924    -76.44824629308879
1025    87H52H42+PP4    41.00677163013533    -76.44818041260982
1026    87H52H42+PP9    41.00678538473215    -76.4481495463958
1027    87H52H42+PP5    41.006772566098505    -76.44813958152062
1028    87H52H42+PP6    41.00679735149193    -76.44824388758566
1029    87H52H42+PMH    41.00680860473501    -76.44825267560938
1030    87H52H42+PMH    41.006814549025634    -76.44825718699417
1031    87H52H42+PMQ    41.006837325875544    -76.44827476896161
1032    87H52H42+PMQ    41.00683988829181    -76.44827685757421
1033    87H52H42+PPJ    41.00684960915747    -76.44824751291763
1034    87H52H42+PPR    41.006857803752524    -76.44822917771104
1035    87H52H42+PPR    41.006863862532924    -76.44823383831135
1036    87H52H42+PPR    41.00687341676357    -76.44824118771955
1037    87H52H42+PMF    41.0068214041654    -76.44831810239374
1038    87H52H42+PMM    41.0068287734218    -76.44832377105251
1039    87H52H42+PMR    41.00686611299575    -76.44835252770417
1040    87H52H42+QM2    41.006876131690866    -76.44836008130441
1041    87H52H42+QJ9    41.006913314434314    -76.4483888819666
1042    87H52H42+QJ9    41.00691940398552    -76.44839353669674
1043    87H52H42+QJ9    41.00692359765277    -76.4483966313649
1044    87H52H42+QM7    41.00691557068451    -76.44833489547405
1045    87H52H42+QMC    41.00693804496511    -76.44835237461294
1046    87H52H42+QMC    41.00694047782416    -76.44835397920582
1047    87H52H42+QMP    41.0069643251818    -76.4483007091426
1048    87H52H42+QMP    41.00696657538847    -76.44829561259745
1049    87H52H42+QMP    41.00696346287224    -76.44829303868386
1050    87H52H42+QMH    41.006943704418745    -76.44827775507531
1051    87H52H42+QMJ    41.006961818459565    -76.44837049486785
1052    87H52H42+QJQ    41.00697066954307    -76.44837745328992
1053    87H52H42+QJX    41.00698364358832    -76.44838721894976
1054    87H52H42+QJX    41.006992393758146    -76.4483939757994
1055    87H52H42+RJ5    41.00700418910981    -76.4484031328914
1056    87H52H42+QJJ    41.00697092919828    -76.4484773633927
1057    87H52H42+RMC    41.00706442232186    -76.44836214038465
1058    87H52H42+RMC    41.00705353312366    -76.44835390153965
1059    87H52H42+RM6    41.00704960867262    -76.44836252112225
1060    87H52H42+RJ9    41.00703901143297    -76.44838610619236
1061    87H52H42+RJ4    41.00702441619581    -76.44841876657085
1062    87H52H42+RJ4    41.00701928957952    -76.44843011865613
1063    87H52H42+RJ3    41.00700521969817    -76.44846147335953
1064    87H52H42+RJ2    41.00701567699113    -76.44846957839465
********
Total # of nodes: 83 **********

***********Edges************

1073 1034
1087 1061
1018 1044
1020 1019
1020 1021
1020 1028
1021 1022
1021 1068
1021 1025
1022 1023
1022 1067
1023 1024
1024 1066
1024 1065
1025 1069
1025 1026
1026 1027
1027 1070
1027 1071
1028 1029
1028 1072
1029 1030
1029 1099
1030 1073
1030 1031
1031 1032
1031 1033
1032 1037
1032 1044
1033 1100
1033 1034
1034 1035
1035 1036
1035 1074
1036 1075
1037 1038
1037 1098
1038 1097
1038 1039
1039 1040
1039 1096
1040 1095
1040 1041
1041 1094
1041 1042
1042 1043
1042 1045
1043 1092
1043 1093
1044 1045
1045 1046
1046 1047
1046 1051
1047 1048
1047 1077
1048 1049
1049 1050
1049 1078
1050 1079
1050 1076
1051 1080
1051 1052
1052 1091
1052 1053
1053 1054
1053 1081
1054 1082
1054 1055
1055 1056
1055 1061
1057 1085
1057 1084
1058 1057
1059 1058
1059 1083
1060 1086
1060 1059
1061 1062
1061 1060
1062 1088
1062 1063
1063 1064
1064 1089
1064 1090
Total # of Edges: 84