
***********Nodes************

Bathroom
1000    87H52H42+MPW    41.00674798270429    -76.44818333419951
1001    87H52H42+MMQ    41.00672335660593    -76.44826018582486
1002    87H52H42+PPR    41.00685927606061    -76.4482386019799
1003    87H52H42+PPF    41.006815826126    -76.44820511301087
1004    87H52H42+PPM    41.00683653088765    -76.44819950293638
1005    87H52H42+PPR    41.00686636591362    -76.44822276098124
1006    87H52H42+QP2    41.00687515968908    -76.44822956426975
1007    87H52H42+QM5    41.00688337322448    -76.44825718882802
1008    87H52H42+QMP    41.00695026648684    -76.44828356980192
1009    87H52H42+QMP    41.00697081986001    -76.44830946402136
1010    87H52H42+RM2    41.00701274333136    -76.44837285407549
1011    87H52H42+RJ8    41.00703583558274    -76.44841417064836
1012    87H52H42+RJ2    41.00700100159782    -76.44848311895292
1013    87H52H42+QJQ    41.00695883705254    -76.44840520115393
1014    87H52H42+PMR    41.00686900561922    -76.44835975229725
1015    87H52H42+PMC    41.00680908344465    -76.44835409789808
1016    87H52H42+PMP    41.00682694503817    -76.44831072173875
1017    87H52H42+PM9    41.00679649874037    -76.44827961941753

Entrance
962    87H52H42+QPC    41.00692965873835    -76.44822425194386

Elevator
966    87H52H42+QMG    41.00692658939067    -76.44830938733622

Point
967    87H52H42+MMW    41.00674531451673    -76.44829371231238
968    87H52H42+PM4    41.00675567606941    -76.44830168741863
969    87H52H42+PM5    41.00676339323611    -76.44825347315779
970    87H52H42+PM5    41.00676921620263    -76.44825796821371
971    87H52H42+PM5    41.00677373834409    -76.44826139253077
972    87H52H42+PP6    41.00677849885639    -76.44823743236294
973    87H52H42+MPV    41.0067451608559    -76.44821172212572
974    87H52H42+MPV    41.006737758184165    -76.44820610663947
975    87H52H42+PMH    41.00680594417507    -76.44825850356101
976    87H52H42+PMP    41.00683902328161    -76.44828389870706
977    87H52H42+PPM    41.0068293695506    -76.44821552992858
978    87H52H42+PPR    41.00686812614673    -76.44824535666827
979    87H52H42+QM3    41.00688651682999    -76.44832058548226
980    87H52H42+QM9    41.00690101082091    -76.44827332405617
981    87H52H42+QM9    41.006905798397796    -76.44827713758318
982    87H52H42+QM9    41.00691075683077    -76.44828091906851
983    87H52H42+QP6    41.00691444755998    -76.4482432729068
984    87H52H42+QP6    41.00691936752216    -76.44824702137869
985    87H52H42+QM9    41.0069241871047    -76.44825080097867
986    87H52H42+PJX    41.006855513325604    -76.44838977839511
987    87H52H42+QM7    41.00691256100968    -76.44834052301664
988    87H52H42+QMC    41.00693552508519    -76.44835815023396
989    87H52H42+QMP    41.006960653975426    -76.44830177496269
990    87H52H42+QMP    41.006964136896734    -76.44829413468841
991    87H52H42+QJQ    41.006968511165745    -76.44838357816634
992    87H52H42+QJX    41.0069978470867    -76.44840618131325
993    87H52H42+RJ8    41.00702581130069    -76.44842779604035
994    87H52H42+RJ8    41.007028854263346    -76.44842994858742
995    87H52H42+QJW    41.006981861988606    -76.44842290026443
996    87H52H42+QJW    41.006988048726626    -76.44842759325849
997    87H52H42+QJW    41.006992707082134    -76.4484311808415
998    87H52H42+QJM    41.00696488872307    -76.44846096495449
999    87H52H42+QJR    41.006975710773546    -76.44846932892422

Stairs
963    87H52H42+PM4    41.00675161161895    -76.44829852263531
964    87H52H42+QJM    41.006969029013284    -76.44846415590943
965    87H52H42+QM9    41.00691788952894    -76.44826506161321
********
Total # of nodes: 56 **********

***********Edges************

1002 978
1002 1005
1002 977
1014 986
968 971
969 967
970 969
970 972
971 970
972 973
972 975
973 974
973 1001
974 1000
975 1017
975 976
976 1016
976 1002
976 979
977 1003
977 1004
978 1007
978 1006
979 1014
979 981
979 987
981 980
981 982
982 965
983 980
984 983
984 962
985 984
986 1015
987 966
987 988
988 989
988 991
989 1009
989 990
990 1008
991 1013
991 992
992 1010
992 993
992 996
993 994
993 1012
994 1011
995 998
996 997
996 995
997 999
998 964
963 968
965 985
Total # of Edges: 56