
***********Nodes************

Bathroom
955    87H52H42+PPJ    41.00683481577091    -76.44824848544884
956    87H52H42+QM5    41.00687913362991    -76.44827912989668
957    87H52H42+QM8    41.006909958509425    -76.44828566189925
958    87H52H42+QMM    41.00697200065857    -76.4483218638202
959    87H52H42+RM6    41.007042717440385    -76.44837235355331
960    87H52H42+QM6    41.00692050668161    -76.44836844999536
961    87H52H42+PMH    41.00680179988319    -76.44827788147239

Entrance
918    87H52H42+MMV    41.00674415261234    -76.44832158289145
919    87H52H42+QJJ    41.006952562873835    -76.44848180474133

Elevator
924    87H52H42+QM8    41.00692495374237    -76.44830616724974

Point
925    87H52H42+PM4    41.00675660312902    -76.44829376994937
926    87H52H42+PM4    41.00675230941513    -76.44829025287741
927    87H52H42+PP2    41.006774606023434    -76.44824037682712
928    87H52H42+PP6    41.00677927877257    -76.44824353206296
929    87H52H42+PP6    41.00678425362462    -76.44824767257693
930    87H52H42+PM4    41.00675672493366    -76.44830933252956
931    87H52H42+PP6    41.006783529077715    -76.44823421194882
932    87H52H42+PMH    41.00681149818235    -76.44825573847606
933    87H52H42+PMQ    41.00682639834815    -76.44826706560852
934    87H52H42+QM4    41.00688182357895    -76.44830955699427
935    87H52H42+QM4    41.00689122979418    -76.44828842970831
936    87H52H42+QM5    41.006896928499025    -76.44827579176075
937    87H52H42+QM7    41.00691271550547    -76.44833342314799
938    87H52H42+QMC    41.006930156151256    -76.4483468830477
939    87H52H42+QMJ    41.00696237223324    -76.44837173327346
940    87H52H42+QMJ    41.006973035288695    -76.44834789639765
941    87H52H42+QMM    41.00696367090147    -76.44834047040904
942    87H52H42+QMR    41.006989459695795    -76.4483603817451
943    87H52H42+RM3    41.00700909213065    -76.44831631549343
944    87H52H42+RM6    41.007046332852866    -76.44834492262758
945    87H52H42+RM6    41.007036251252416    -76.44836767638624
946    87H52H42+RM2    41.00700743217683    -76.44837433321797
947    87H52H42+RJ9    41.007026626543286    -76.44838897202281
948    87H52H42+QJX    41.00698720572201    -76.44839100649887
949    87H52H42+QJX    41.006996648527824    -76.44839806039646
950    87H52H42+QJX    41.006984017394664    -76.44839803429291
951    87H52H42+QJX    41.006993568040166    -76.44840528597415
952    87H52H42+QJJ    41.00696462559939    -76.44846980397597
953    87H52H42+QJM    41.006959683508484    -76.44846615869126
954    87H52H42+QJM    41.00695508931829    -76.44846259318125

Stairs
920    87H52H42+PM4    41.0067533107345    -76.44830666819826
921    87H52H42+QJM    41.006958236422605    -76.44846493855356
922    87H52H42+PP2    41.00677123013679    -76.44824804645758
923    87H52H42+RJ5    41.007014214104565    -76.44837937610147
********
Total # of nodes: 44 **********

***********Edges************

918 925
919 953
925 926
926 922
927 928
928 929
928 931
929 930
930 920
931 932
932 961
932 933
933 955
933 934
934 935
934 937
935 956
935 936
936 957
937 924
937 938
938 960
938 939
939 940
939 948
940 941
940 942
941 958
942 946
943 942
944 943
945 959
945 944
946 923
946 949
947 945
948 950
949 948
950 951
951 949
951 952
952 953
954 921
954 950
922 927
923 947
Total # of Edges: 46