
***********Nodes************

Bathroom
2112    87H52H42+WV8    41.00729565664535    -76.44778647206769
2113    87H52H42+WXR    41.00737135188315    -76.44761322400403
2114    87H52H42+XX9    41.00741095467805    -76.4475144856234
2115    87H52H43+W2R    41.00737127555311    -76.44747814961184
2116    87H52H43+W2J    41.007348328956354    -76.44747840951226
2117    87H52H42+WXQ    41.00732749773858    -76.44752500440332
2118    87H52H43+W23    41.007256601462224    -76.44744405576367
2119    87H52H43+V2W    41.007241071584914    -76.44742061684543
2120    87H52H43+W25    41.00726539560095    -76.44739401540983
2121    87H52H43+W25    41.007254485038054    -76.44738984668335
2122    87H52H43+V2P    41.00721999212097    -76.4474120656882
2123    87H52H43+V37    41.00715493693228    -76.44733612842222
2124    87H52H43+R39    41.007045478912254    -76.44725068394762
2125    87H52H43+Q4R    41.006988369403715    -76.44722800967419
2126    87H52H43+R43    41.00701710445708    -76.44718857914187
2127    87H52H43+Q4J    41.00696590974761    -76.44722049113271
2128    87H52H43+Q4G    41.00693398044499    -76.44718721600375
2129    87H52H43+Q4P    41.00695432353482    -76.44716023805435
2130    87H52H43+Q39    41.00690066553665    -76.44726456603803
2131    87H52H43+Q3P    41.00697361451797    -76.44728801754383
2132    87H52H43+R32    41.00702154789027    -76.4473504968866
2133    87H52H43+V23    41.007144221035446    -76.44744474845618
2134    87H52H42+VXQ    41.007215486023576    -76.44751048233738
2135    87H52H42+WXF    41.007303711991185    -76.44758767606515
2136    87H52H42+WW9    41.0072869401046    -76.4476272936536
2137    87H52H42+WW4    41.00726893057542    -76.44766763746703
2138    87H52H42+WW3    41.00725163224182    -76.44770703862383
2139    87H52H42+VWR    41.00723413390677    -76.44774746794401
2140    87H52H42+VVP    41.00721594376447    -76.44778884831145
2141    87H52H42+VV5    41.007126056365756    -76.4477672824271
2142    87H52H42+RVX    41.007115712577885    -76.44775853178324
2143    87H52H42+RWJ    41.00709321554553    -76.44773932610146
2144    87H52H42+RWH    41.00705998294366    -76.44764270742306
2145    87H52H42+RW4    41.00702020647574    -76.44768134801534
2146    87H52H42+QWW    41.006995659684094    -76.44766254786262
2147    87H52H42+QWQ    41.00697370046929    -76.4476422670562
2148    87H52H42+QXC    41.00692609480593    -76.44760782346849
2149    87H52H42+QX3    41.00688151566987    -76.44757420987646
2150    87H52H42+PXW    41.006855819121306    -76.44755518388789
2151    87H52H42+PXP    41.00683253445232    -76.4475371398003
2152    87H52H42+MXW    41.00673501539798    -76.4475317336244
2153    87H52H42+MWX    41.006737545422425    -76.44762678644693
2154    87H52H42+PW9    41.006781030996144    -76.44763021615502
2155    87H52H42+PWW    41.00685355095341    -76.44766845112825
2156    87H52H42+PWV    41.00685227801149    -76.44770885695964
2157    87H52H42+QW6    41.00692259641407    -76.44772334679675
2158    87H52H42+RV4    41.00701020460523    -76.4477971186558
2159    87H52H42+RVM    41.00709677632712    -76.44783827763106
2160    87H52H42+RRH    41.00707350269649    -76.4478776986088
2161    87H52H42+RRH    41.00706654825651    -76.44789345193554
2162    87H52H42+RRW    41.00712166401754    -76.44793583120357
2163    87H52H42+VR4    41.00712859703766    -76.44792004738078
2164    87H52H42+VV2    41.007143236093505    -76.44787419163649
2165    87H52H42+VRH    41.00718943823812    -76.44789437714333
2166    87H52H42+VRQ    41.00720176107044    -76.44790337711382
2167    87H52H42+VRX    41.007239979163174    -76.44789469435422
2168    87H52H42+WV2    41.00726911033981    -76.44786396595916

Elevator
2012    87H52H42+PXH    41.00681098615035    -76.44751355511094
2013    87H52H42+WX7    41.00728318951476    -76.44757188357899

Point
2014    87H52H43+P22    41.00675386904997    -76.44748762607774
2015    87H52H42+MXX    41.00674347330696    -76.44751293602836
2016    87H52H42+PX9    41.006790078586555    -76.44751543034165
2017    87H52H42+PX8    41.006779244850456    -76.44754026829341
2018    87H52H42+PX8    41.00679444343788    -76.44755192895286
2019    87H52H42+PW5    41.00675563379383    -76.44764061358151
2020    87H52H42+PX2    41.006765570818224    -76.44761821779868
2021    87H52H42+PXF    41.0068180131051    -76.44757004514534
2022    87H52H42+PXM    41.006841307160585    -76.44758795418113
2023    87H52H42+PXR    41.006866881456354    -76.4476077478758
2024    87H52H42+QX2    41.006888801301784    -76.4476244164889
2025    87H52H42+PWW    41.006865661651    -76.4476779178913
2026    87H52H42+QW9    41.006911284014535    -76.4476418063281
2027    87H52H42+QW4    41.00689458158104    -76.44768032854977
2028    87H52H42+QWF    41.00692941494905    -76.447707048072
2029    87H52H42+QWP    41.00695818113091    -76.44767809146505
2030    87H52H42+QWV    41.0069811184837    -76.44769552987913
2031    87H52H42+QWJ    41.00696436587523    -76.44773400654577
2032    87H52H42+RW3    41.00700557151741    -76.4477144401444
2033    87H52H42+QVX    41.00698876469977    -76.44775301388232
2034    87H52H42+RW2    41.00702290347622    -76.4477277557787
2035    87H52H42+RV5    41.007019350945335    -76.44777651554634
2036    87H52H42+RVQ    41.00707927177535    -76.44777104391838
2037    87H52H42+RVG    41.007062375402256    -76.44780978395099
2038    87H52H42+RVW    41.00710243936942    -76.44778892769503
2039    87H52H42+RVW    41.00711300990166    -76.44779709532948
2040    87H52H42+VV3    41.007140161129904    -76.44781778445939
2041    87H52H42+RVR    41.00712259830329    -76.44785833668124
2042    87H52H42+RRX    41.00710384781245    -76.44790124379811
2043    87H52H42+RRP    41.00709707654146    -76.44791681982551
2044    87H52H42+VVJ    41.00720194408919    -76.4478655264642
2045    87H52H42+VVJ    41.00721416427483    -76.44787478501308
2046    87H52H42+VVM    41.00721937320904    -76.44782577016211
2047    87H52H42+VVM    41.00720498001238    -76.4478147378788
2048    87H52H42+VVF    41.00719675813184    -76.44783346435268
2049    87H52H42+VV8    41.00716723517039    -76.44781067062796
2050    87H52H42+VVR    41.00724355441642    -76.44784438016084
2051    87H52H42+VVW    41.00723053490198    -76.44779998887013
2052    87H52H42+WV9    41.00727558404208    -76.44777123767456
2053    87H52H42+VVX    41.00724858919097    -76.44775866655111
2054    87H52H42+WV5    41.00725126599057    -76.4477524504926
2055    87H52H42+WW3    41.0072661733377    -76.44771825909937
2056    87H52H42+WW8    41.00728350163559    -76.44767876390829
2057    87H52H42+WWH    41.00730111261489    -76.44763811911572
2058    87H52H42+WWH    41.00730636267626    -76.44762657168953
2059    87H52H42+WWQ    41.00733111218011    -76.44764543182117
2060    87H52H42+WXC    41.007318355186875    -76.4475989281259
2061    87H52H42+WXR    41.00735186660276    -76.44759813510741
2062    87H52H42+WXM    41.00733195663068    -76.44756753171818
2063    87H52H42+WXP    41.007343132788385    -76.44754228034999
2064    87H52H42+WXW    41.007367823978576    -76.44756142832732
2065    87H52H42+XX3    41.00738471450718    -76.44757428518892
2066    87H52H43+W2R    41.00736520482625    -76.4474912794035
2067    87H52H42+WX8    41.007297012777684    -76.44754062965296
2068    87H52H42+WX5    41.007273529215254    -76.44752259014614
2069    87H52H43+W26    41.00728419456357    -76.44749792083861
2070    87H52H43+W2G    41.007315831033296    -76.44742558483016
2071    87H52H43+V2V    41.00724595467023    -76.44746850142383
2072    87H52H43+V2V    41.007236082313995    -76.44746094023611
2073    87H52H43+V2R    41.00723345232725    -76.44749696961362
2074    87H52H43+V2J    41.00722441220653    -76.44748995695824
2075    87H52H43+V2J    41.0072055781709    -76.4474755758916
2076    87H52H43+V2M    41.0072180923541    -76.44744706292491
2077    87H52H43+W24    41.007250541527235    -76.4474278518769
2078    87H52H43+V2M    41.007208350828996    -76.44743935562607
2079    87H52H43+V2F    41.00719749006208    -76.44746392173083
2080    87H52H43+V29    41.00715221682995    -76.44739636665969
2081    87H52H43+V28    41.00715122581127    -76.44742824174553
2082    87H52H43+V36    41.00716406159213    -76.44736920528659
2083    87H52H43+V32    41.00714640118239    -76.44735554069719
2084    87H52H43+R3V    41.00712198925444    -76.44733673095138
2085    87H52H43+R3R    41.00712434036456    -76.4473748553042
2086    87H52H43+R3R    41.007110007209164    -76.4473640810495
2087    87H52H43+R2X    41.00711352793715    -76.44739919205897
2088    87H52H43+R3F    41.007068933601175    -76.44733222703832
2089    87H52H43+R3C    41.00705840352    -76.44735619796381
2090    87H52H43+R38    41.00704002252901    -76.44731005081857
2091    87H52H43+R3H    41.00705333772541    -76.44727930256316
2092    87H52H43+R39    41.00703813841297    -76.447267641593
2093    87H52H43+R42    41.00701461596609    -76.4472495404508
2094    87H52H43+R35    41.007001258011506    -76.44728029959603
2095    87H52H43+Q3W    41.00699083063901    -76.44730411977555
2096    87H52H43+R37    41.00702902866675    -76.44733347658865
2097    87H52H43+Q3X    41.006983025659096    -76.44726629317924
2098    87H52H43+R47    41.00703510446271    -76.44720249430193
2099    87H52H43+Q4R    41.00699674849099    -76.44723449149598
2100    87H52H43+Q4J    41.00695513357567    -76.44724485304546
2101    87H52H43+Q4C    41.00694791787237    -76.4472392965466
2102    87H52H43+Q3H    41.00693650384205    -76.4472652663826
2103    87H52H43+Q4C    41.006926826748554    -76.44722292698866
2104    87H52H43+Q4F    41.00694040403966    -76.44719197618515
2105    87H52H43+Q46    41.00690966542381    -76.44724449142585
2106    87H52H43+Q42    41.00688672338701    -76.44722699395135
2107    87H52H43+Q43    41.00689802693737    -76.44720074374708
2108    87H52H43+Q48    41.00690871456224    -76.44717618421436
2109    87H52H43+Q44    41.00689984813342    -76.44716948496011
2110    87H52H43+Q49    41.00691921597013    -76.44712603216409
2111    87H52H42+WXG    41.007314661479725    -76.44755420899772
********
Total # of nodes: 157 **********

***********Edges************

2119 2121
2126 2099
2014 2016
2015 2152
2016 2017
2017 2015
2017 2018
2018 2012
2018 2020
2018 2021
2019 2153
2020 2019
2020 2154
2021 2151
2021 2022
2022 2150
2022 2023
2023 2149
2024 2023
2024 2025
2024 2026
2025 2155
2025 2156
2026 2148
2026 2027
2026 2029
2027 2028
2028 2157
2028 2031
2029 2147
2029 2030
2030 2146
2030 2031
2030 2032
2032 2145
2032 2033
2032 2034
2033 2035
2034 2144
2034 2036
2035 2158
2036 2037
2036 2143
2036 2038
2037 2035
2038 2142
2038 2039
2039 2141
2039 2040
2040 2041
2040 2044
2041 2164
2041 2159
2041 2042
2042 2160
2042 2163
2042 2043
2043 2162
2043 2161
2044 2165
2044 2045
2044 2046
2045 2167
2045 2166
2046 2047
2046 2050
2047 2048
2048 2049
2050 2168
2050 2052
2051 2140
2051 2046
2052 2112
2052 2054
2053 2139
2053 2051
2054 2053
2054 2055
2055 2138
2055 2056
2056 2137
2056 2057
2057 2058
2057 2136
2058 2059
2058 2060
2059 2061
2060 2135
2060 2062
2061 2113
2061 2064
2062 2063
2062 2111
2063 2064
2063 2066
2064 2065
2065 2114
2066 2115
2066 2116
2067 2013
2067 2068
2068 2069
2069 2070
2069 2071
2071 2118
2071 2073
2072 2071
2072 2077
2073 2074
2074 2075
2074 2134
2075 2076
2076 2072
2076 2078
2077 2119
2077 2120
2078 2122
2078 2079
2078 2080
2079 2081
2080 2082
2080 2085
2081 2133
2082 2083
2083 2123
2083 2084
2084 2086
2085 2087
2086 2085
2086 2088
2087 2081
2088 2089
2089 2096
2090 2088
2091 2090
2092 2124
2092 2091
2093 2092
2093 2098
2094 2093
2095 2094
2096 2132
2096 2095
2097 2094
2097 2131
2097 2100
2098 2126
2099 2125
2099 2097
2100 2127
2100 2101
2101 2102
2102 2105
2103 2101
2103 2104
2104 2128
2104 2129
2105 2106
2105 2130
2106 2107
2107 2103
2107 2108
2108 2109
2109 2110
2111 2117
2111 2067
Total # of Edges: 166