
***********Nodes************

Bathroom
1550    87H52H43+R28    41.00703851297017    -76.44742375461095
1551    87H52H43+C6H    41.0060577396024    -76.44688983256898
1552    87H52H43+C63    41.006003316989315    -76.44695801282265
1553    87H52H43+C5X    41.00611330583896    -76.44701051192982
1554    87H52H43+F5V    41.00624516062059    -76.4470810939421
1555    87H52H43+J43    41.00651055873605    -76.4471875729163
1556    87H52H43+J4J    41.00658294695642    -76.44723272322219
1557    87H52H43+P25    41.0067571662385    -76.44738109138474
1558    87H52H43+Q22    41.00689729658231    -76.44748004595357
1559    87H52H42+WX8    41.007290325027135    -76.44756075141731
1560    87H52H43+X22    41.00738893522921    -76.44748616985716
1561    87H52H53+283    41.00751218030036    -76.44670747978647
1562    87H52H43+X8Q    41.0074663323567    -76.44663819178832
1563    87H52H43+X8F    41.007439903788246    -76.4466956080901
1564    87H52H43+X89    41.00740607695308    -76.44665612928277
1565    87H52H43+X7F    41.007432519509955    -76.44684074705928
1566    87H52H43+W7Q    41.007344971396094    -76.44677052902534
1567    87H52H43+V9R    41.00722706725057    -76.44661284276407
1568    87H52H43+RCH    41.007059532649016    -76.44639256643585
1569    87H52H43+R9Q    41.00709140893709    -76.44650371816275
1570    87H52H43+VC3    41.00713363307995    -76.44644953562822
1571    87H52H43+QF2    41.00689216681811    -76.4463605781195
1572    87H52H43+PF5    41.0067603476668    -76.4462568672886
1573    87H52H43+MG5    41.00662907819882    -76.44614838098921
1574    87H52H43+JH3    41.00652326705105    -76.44607105494238
1575    87H52H43+HHW    41.00649338780145    -76.44604732757554
1576    87H52H43+HG9    41.00642286000762    -76.44613287284808
1577    87H52H43+HFG    41.00642858067024    -76.44629640941594
1578    87H52H43+JG3    41.006519828513426    -76.44620590478449
1579    87H52H43+JG6    41.00654372538281    -76.44622557540414
1580    87H52H43+MF4    41.00664921120118    -76.44631120200323
1581    87H52H43+PC8    41.00678223071406    -76.44641689105923
1582    87H52H43+Q95    41.00689557535405    -76.44650159315665
1583    87H52H43+Q9V    41.006984035402525    -76.4465671250426
1584    87H52H43+R8H    41.007072635347754    -76.44663344336254
1585    87H52H43+V83    41.00714063417319    -76.44669435944837
1586    87H52H43+V8J    41.00720244454297    -76.44674041498465
1587    87H52H43+W72    41.00726483910839    -76.44685311513105
1588    87H52H43+W6V    41.007371596077625    -76.44696622437887
1589    87H52H43+W5M    41.00732528003439    -76.44706909213454
1590    87H52H43+W48    41.00728533436416    -76.44715990858234
1591    87H52H43+W43    41.00725855582391    -76.44721227059267
1592    87H52H43+V2H    41.0071872411399    -76.44738485044498

Entrance
1483    87H52H43+C86    41.0060383559348    -76.44673240783168

Elevator
1488    87H52H43+F7Q    41.00621083995092    -76.44675869258023
1489    87H52H43+W6G    41.00732323270238    -76.44691351839462

Point
1490    87H52H43+C7W    41.00612214818528    -76.44679732828537
1491    87H52H43+C6Q    41.00607615172655    -76.44690417127437
1492    87H52H43+C66    41.00604051879924    -76.44698680304562
1493    87H52H43+C5W    41.00610289947753    -76.44703485865311
1494    87H52H43+C8P    41.006096031352456    -76.44665858311168
1495    87H52H43+F8C    41.006182455203955    -76.44672554844331
1496    87H52H43+F73    41.00614443889267    -76.44681433762126
1497    87H52H43+F7F    41.00617614178805    -76.44683882083237
1498    87H52H43+G68    41.00628416644757    -76.44692229987837
1499    87H52H43+F5J    41.00620278876843    -76.44711193414655
1500    87H52H43+F5M    41.00622342080881    -76.44706440948094
1501    87H52H43+J56    41.00653997255789    -76.44711956067985
1502    87H52H43+J4W    41.006608574342096    -76.44717286177223
1503    87H52H43+P38    41.006787299404046    -76.44731040447485
1504    87H52H43+Q28    41.006924635630675    -76.44741646794276
1505    87H52H43+R22    41.007012541616    -76.44748437061766
1506    87H52H42+VX7    41.0071501106253    -76.44759038646795
1507    87H52H42+VXH    41.00718773651408    -76.44750208735738
1508    87H52H43+R2P    41.007079688968005    -76.4474190322228
1509    87H52H43+V2M    41.00720544844969    -76.44746116455656
1510    87H52H42+WXG    41.007301566826854    -76.44753515164996
1511    87H52H42+WXV    41.00735118710204    -76.44757353718217
1512    87H52H43+V2W    41.007225471817854    -76.44741395212192
1513    87H52H43+W46    41.00729902502293    -76.44724356316884
1514    87H52H43+W4F    41.00732245623518    -76.44718890480729
1515    87H52H43+W5R    41.00736177065045    -76.44709706599036
1516    87H52H43+X66    41.0074065012045    -76.44699303896698
1517    87H52H43+X6G    41.007435344864305    -76.44692619338524
1518    87H52H43+X69    41.007405723034815    -76.44690334929744
1519    87H52H53+282    41.00751467009906    -76.44674055517063
1520    87H52H53+287    41.00752508252277    -76.44671734175215
1521    87H52H53+287    41.007535632253465    -76.4466916748807
1522    87H52H43+X8G    41.007444076113636    -76.44668585777573
1523    87H52H43+W7J    41.00734716213739    -76.4468578958752
1524    87H52H43+W7F    41.00731732617376    -76.44683513589405
1525    87H52H43+W78    41.00728358560073    -76.44680895421813
1526    87H52H43+W8C    41.00730975855269    -76.44674804522754
1527    87H52H43+W8M    41.00732952176178    -76.44670245027083
1528    87H52H43+W8F    41.00731357659315    -76.44669038940964
1529    87H52H43+W9V    41.007364598762024    -76.44657089301542
1530    87H52H43+V8W    41.007226573350984    -76.44668389911713
1531    87H52H43+V8P    41.007204010058004    -76.44666688777092
1532    87H52H43+V89    41.00716534381092    -76.44663652775724
1533    87H52H43+R9M    41.007094660581494    -76.44658183983857
1534    87H52H43+R95    41.007006702998446    -76.44651443754631
1535    87H52H43+RC7    41.00703119822026    -76.4464573039845
1536    87H52H43+QC7    41.00691883724879    -76.4464466929679
1537    87H52H43+PCW    41.00687114577298    -76.44640964480764
1538    87H52H43+PFC    41.00680679492095    -76.44635989686402
1539    87H52H43+MFW    41.006738532361354    -76.44630727082716
1540    87H52H43+MF9    41.00667283497368    -76.44625665444505
1541    87H52H43+JGV    41.006605106888024    -76.446204709215
1542    87H52H43+JGG    41.006565942975385    -76.44617399871663
1543    87H52H43+JG9    41.00654115469258    -76.44615519858652
1544    87H52H43+JH2    41.00650044921865    -76.44612404264235
1545    87H52H43+HHJ    41.00647051925075    -76.44610068719047
1546    87H52H43+HGH    41.006448198035024    -76.44615241802718
1547    87H52H43+HF5    41.00639711109476    -76.44627223949652
1548    87H52H43+HH8    41.00640659812971    -76.44605128603186
1549    87H52H43+HJQ    41.006469643874446    -76.44590461102445

Stairs
1484    87H52H43+C8M    41.00607923597352    -76.44669819933449
1485    87H52H43+R2F    41.00706448319309    -76.44745389945973
1486    87H52H43+X93    41.00738695014904    -76.44658822199246
1487    87H52H43+HJH    41.00644303425405    -76.4458842761124
********
Total # of nodes: 110 **********

***********Edges************

1568 1570
1483 1490
1490 1496
1490 1491
1491 1551
1491 1492
1492 1552
1492 1493
1493 1553
1493 1499
1494 1484
1495 1494
1496 1497
1496 1495
1497 1488
1497 1498
1498 1500
1498 1501
1499 1500
1500 1554
1501 1555
1501 1502
1502 1556
1502 1503
1503 1557
1503 1504
1504 1558
1504 1505
1505 1550
1505 1506
1506 1507
1507 1508
1507 1509
1508 1485
1509 1512
1509 1510
1510 1511
1510 1559
1511 1560
1512 1592
1512 1513
1513 1591
1513 1514
1514 1590
1514 1515
1515 1589
1515 1516
1516 1588
1516 1517
1517 1518
1517 1519
1518 1565
1518 1523
1519 1520
1519 1522
1520 1521
1520 1561
1521 1562
1522 1563
1522 1564
1523 1489
1523 1524
1524 1566
1524 1525
1525 1587
1525 1526
1526 1527
1526 1530
1527 1528
1528 1529
1529 1486
1530 1586
1530 1531
1531 1567
1531 1532
1532 1585
1532 1533
1533 1584
1533 1534
1534 1583
1534 1535
1535 1569
1535 1568
1536 1534
1536 1582
1536 1537
1537 1571
1537 1538
1538 1581
1538 1539
1539 1572
1539 1540
1540 1580
1540 1541
1541 1573
1541 1542
1542 1579
1542 1543
1543 1578
1543 1544
1544 1574
1544 1545
1545 1575
1545 1546
1545 1548
1546 1547
1546 1576
1547 1577
1548 1549
1549 1487
Total # of Edges: 110