
***********Nodes************

Bathroom
1750    87H52H42+VV6    41.00716288145741    -76.44786216626494
1751    87H52H42+VVF    41.00717824175178    -76.44784239913332
1752    87H52H42+VVC    41.007197695186    -76.44787127337196
1753    87H52H42+VVR    41.00722557751311    -76.44786439429213
1754    87H52H42+WV2    41.00726622446489    -76.44786447052586
1755    87H52H42+VW2    41.007148826457154    -76.44773741963819
1756    87H52H42+VW2    41.00713762622293    -76.44772772400711
1757    87H52H42+RWV    41.00711582944622    -76.44771114774663
1758    87H52H42+RWQ    41.007085968216316    -76.4476546491475
1759    87H52H42+RWH    41.00705222617117    -76.44762863759954
1760    87H52H42+RW5    41.00701353261575    -76.44762564341444
1761    87H52H42+PXX    41.00687386469246    -76.4475217973611
1762    87H52H42+PX8    41.00678053975692    -76.44755602092215
1763    87H52H42+PXR    41.00687274876837    -76.44760177972903
1764    87H52H42+QW8    41.00692211814842    -76.44766742253879
1765    87H52H42+RW3    41.00701512515578    -76.44770596819843
1766    87H52H42+RVG    41.007066317821995    -76.4477881359254
1767    87H52H42+WV7    41.00729798183009    -76.44782128407712
1768    87H52H42+WV9    41.007297185374924    -76.44775520182063
1769    87H52H42+WVH    41.00732382301442    -76.44777571316946
1770    87H52H42+WWJ    41.007327646270376    -76.44773878547691
1771    87H52H42+WWW    41.00736382843183    -76.44766537137015
1772    87H52H42+XX3    41.007398840952085    -76.4475770655426
1773    87H52H42+XX9    41.007420419712055    -76.44752529123768
1774    87H52H42+XX4    41.007379545217084    -76.4475501291307
1775    87H52H53+229    41.00753796759803    -76.44740210653754
1776    87H52H43+X3J    41.00747328014983    -76.44735097869741
1777    87H52H43+X4R    41.00749075783048    -76.44724631742332
1778    87H52H43+X38    41.00741281580554    -76.44729828737405
1779    87H52H43+W2V    41.00735967208064    -76.44745926504189
1780    87H52H43+W2J    41.00734248826716    -76.44749966772793
1781    87H52H43+W28    41.00729506059928    -76.4474135201624
1782    87H52H43+W29    41.00728942055633    -76.44738503571487
1783    87H52H43+V2X    41.00724992699023    -76.44739274069643
1784    87H52H43+V2Q    41.00720500657779    -76.4473772652893
1785    87H52H43+V33    41.007149709673314    -76.44731412696127
1786    87H52H43+V3Q    41.00720495676006    -76.44726386108354
1787    87H52H43+V4V    41.007237075643644    -76.44719036692557
1788    87H52H43+R4R    41.00711473139271    -76.4472430481
1789    87H52H43+R3P    41.00708317804648    -76.44728452320787
1790    87H52H43+R3H    41.007062111406114    -76.44726908571978
1791    87H52H43+Q4W    41.006981475107736    -76.44718138567603
1792    87H52H43+Q4H    41.00694155922187    -76.44715483934152
1793    87H52H43+Q46    41.00690090009177    -76.4472245570202
1794    87H52H43+Q43    41.00687895320308    -76.44720768325836
1795    87H52H43+Q4J    41.00696055382568    -76.44724535696362
1796    87H52H43+R34    41.007016918458085    -76.44729034547048
1797    87H52H43+R3F    41.00707367776627    -76.44733318446266
1798    87H52H43+R3R    41.007121116361276    -76.44737060837716
1799    87H52H43+V28    41.00717070322768    -76.44743442598407
1800    87H52H43+V27    41.00715650290533    -76.4474472682578
1801    87H52H43+V2C    41.00719859416988    -76.44747871471303
1802    87H52H43+V2R    41.00724935725291    -76.44747660544144
1803    87H52H42+WXC    41.00730638263442    -76.44760677361411
1804    87H52H42+WW9    41.00729004503495    -76.44764405567945
1805    87H52H42+WW4    41.00727282490546    -76.44768213450298
1806    87H52H42+WW2    41.00725745684965    -76.44772064213845

Entrance
1593    87H52H42+RRM    41.007090777301606    -76.44794692454931
1594    87H52H42+RV6    41.00704839953017    -76.4478669964618
1595    87H52H42+VR4    41.00713732149036    -76.44793545492313
1596    87H52H43+W34    41.007253084981684    -76.44729728290696
1597    87H52H43+W52    41.007270168653896    -76.44711459795843

Elevator
1608    87H52H43+P2J    41.00682994470617    -76.44747984876099
1609    87H52H42+WXG    41.00730281044128    -76.44754766769225

Point
1610    87H52H43+P28    41.00677878055918    -76.44743118814154
1611    87H52H43+P23    41.00676944652878    -76.44745225986537
1612    87H52H43+P2C    41.00680803757185    -76.44748181144102
1613    87H52H43+P2F    41.006817082944636    -76.44746066762946
1614    87H52H43+P22    41.00676582739753    -76.44747949444091
1615    87H52H43+P22    41.00675805408793    -76.44749733095017
1616    87H52H42+PX9    41.00679808211272    -76.44750433236197
1617    87H52H42+PX9    41.006794173194876    -76.44752499722736
1618    87H52H42+PXH    41.00681401090358    -76.44751659146817
1619    87H52H42+PXP    41.006826167165286    -76.44754958912257
1620    87H52H42+PXP    41.00683407194366    -76.4475318803629
1621    87H52H42+PXW    41.00686045034772    -76.44755226441484
1622    87H52H42+QX3    41.00688587659216    -76.44757171355556
1623    87H52H42+QX7    41.00690992632863    -76.44759031253076
1624    87H52H42+QX6    41.00690258018333    -76.44760745781315
1625    87H52H42+QWH    41.00693675733962    -76.44763380815783
1626    87H52H42+QWP    41.00696975127027    -76.44765921311992
1627    87H52H42+QWX    41.0069773077181    -76.44764224772818
1628    87H52H42+QWW    41.006999054720005    -76.44765898430829
1629    87H52H42+RW8    41.00702663469837    -76.44768006738371
1630    87H52H42+RW7    41.007046609120316    -76.44769548132388
1631    87H52H42+RWH    41.00706996581191    -76.44764218177251
1632    87H52H42+RWF    41.007065317960674    -76.44770973980657
1633    87H52H42+RWC    41.00705792796681    -76.4477267554404
1634    87H52H42+RWJ    41.007084503754754    -76.44774709910268
1635    87H52H42+RWR    41.007103500875424    -76.44773934919617
1636    87H52H42+RVX    41.00710920456031    -76.44776611686973
1637    87H52H42+RWR    41.00711658511976    -76.4477492814151
1638    87H52H42+VV5    41.007125343644134    -76.44775618157074
1639    87H52H42+VV5    41.007136742848374    -76.44776486634726
1640    87H52H42+VV8    41.007161924235085    -76.44778429747804
1641    87H52H42+VV3    41.00714251107722    -76.44782876754914
1642    87H52H42+VV3    41.00713664027199    -76.44784208359805
1643    87H52H42+RRW    41.00710626155017    -76.44791160153501
1644    87H52H42+VV6    41.007173752355946    -76.44785279556622
1645    87H52H42+VWF    41.007191156127355    -76.44771723451674
1646    87H52H42+VVV    41.007228755738886    -76.44783552400581
1647    87H52H42+VVV    41.007235822174614    -76.44784099717711
1648    87H52H42+VVW    41.0072452109904    -76.44779805439447
1649    87H52H42+VVH    41.00719863183617    -76.44776234635822
1650    87H52H42+WV5    41.00725806338819    -76.44776864680725
1651    87H52H42+WV5    41.00726263992416    -76.44775853880901
1652    87H52H42+WW2    41.00727364303549    -76.44773309857105
1653    87H52H42+WVG    41.007300448783965    -76.44778749111143
1654    87H52H42+WVG    41.00730966614309    -76.44779473188244
1655    87H52H42+WVH    41.007310261595684    -76.4477651684561
1656    87H52H42+WWC    41.00731025753885    -76.44772553742263
1657    87H52H42+WW7    41.00728520845049    -76.44770642077104
1658    87H52H42+WW7    41.007290076554824    -76.4476953839711
1659    87H52H42+WWG    41.007306845942395    -76.44765680261868
1660    87H52H42+WWH    41.007318560881245    -76.44763051874033
1661    87H52H42+WWX    41.00735150967565    -76.44765605630148
1662    87H52H42+WXC    41.00732301794008    -76.44761951961978
1663    87H52H42+WX9    41.00728541474616    -76.44750146471071
1664    87H52H42+WXH    41.00731358903693    -76.4475231871665
1665    87H52H42+WXW    41.00735217276104    -76.44755294611966
1666    87H52H42+XX3    41.00738943319941    -76.44756977977639
1667    87H52H42+XX4    41.00739320784419    -76.44756055400809
1668    87H52H42+WXX    41.00736714127552    -76.44751850990616
1669    87H52H43+X22    41.007378346700214    -76.44749297504526
1670    87H52H42+XX5    41.00739791500502    -76.44750805162742
1671    87H52H43+X22    41.00738458473849    -76.44747851386494
1672    87H52H43+X27    41.00740207222218    -76.44743894154662
1673    87H52H43+X28    41.007405183558255    -76.4474312436389
1674    87H52H42+XXX    41.007485619790316    -76.44750315589884
1675    87H52H42+XXM    41.00745166995986    -76.44758141830617
1676    87H52H42+XXR    41.007485801045405    -76.44760777711203
1677    87H52H43+X2R    41.007490836578576    -76.44749125634131
1678    87H52H43+X27    41.00742174019982    -76.44743814146848
1679    87H52H43+W2Q    41.00734367259568    -76.44738398624933
1680    87H52H43+W3J    41.00734915781517    -76.44737132558338
1681    87H52H43+W3R    41.00735520317868    -76.44735747975082
1682    87H52H43+W3R    41.007360010959076    -76.44736123045186
1683    87H52H43+W3V    41.00737460214717    -76.447327294967
1684    87H52H43+X35    41.00739666260466    -76.44727659365653
1685    87H52H43+X35    41.00738415762824    -76.4472668479029
1686    87H52H43+X47    41.007418220645874    -76.44718861045145
1687    87H52H43+X4F    41.00743910715534    -76.44720471128072
1688    87H52H43+X33    41.00739373493448    -76.44734195539472
1689    87H52H43+X36    41.00741323973552    -76.44735694944973
1690    87H52H43+X25    41.00739849086861    -76.44739103078928
1691    87H52H43+X4J    41.00746893564776    -76.44722961827377
1692    87H52H43+X4R    41.007480162511925    -76.44723804941695
1693    87H52H43+X29    41.007409753325376    -76.44739951649962
1694    87H52H43+X28    41.00742028007452    -76.44740763602837
1695    87H52H43+X2H    41.00743376010269    -76.44737638701093
1696    87H52H43+X2G    41.007431302356615    -76.44741599210094
1697    87H52H43+X2Q    41.007455042838686    -76.4473930212421
1698    87H52H43+X2M    41.00745997490201    -76.44743839959673
1699    87H52H43+X2P    41.00747364100574    -76.4474073188695
1700    87H52H43+X2W    41.007487448101664    -76.44741800575036
1701    87H52H53+238    41.00754464872132    -76.44728765063327
1702    87H52H53+23G    41.00755304433975    -76.44729435765025
1703    87H52H43+X2W    41.007496641102506    -76.4474236770403
1704    87H52H43+X2V    41.007482715839316    -76.4474557143364
1705    87H52H53+222    41.007523762514715    -76.44748724955225
1706    87H52H53+227    41.00753781697789    -76.4474552618608
1707    87H52H53+223    41.007520526817686    -76.44744213095541
1708    87H52H43+W2P    41.0073298215634    -76.44741564481407
1709    87H52H43+W2H    41.00731744051975    -76.44740622559686
1710    87H52H43+W2F    41.00731041163562    -76.44745999074804
1711    87H52H43+W27    41.00729808215603    -76.4474505520247
1712    87H52H43+W2C    41.00730121136445    -76.44748065497494
1713    87H52H43+W26    41.00729619526109    -76.44747682771167
1714    87H52H43+W23    41.00726118135891    -76.44744976456622
1715    87H52H43+W24    41.00727286699813    -76.44742302894008
1716    87H52H43+W29    41.00728155307648    -76.44740328117629
1717    87H52H43+V2X    41.0072456985055    -76.44740219267318
1718    87H52H43+V2X    41.0072356020848    -76.4473944320273
1719    87H52H43+V2P    41.007223837054624    -76.44742119484057
1720    87H52H43+V2H    41.0071953728631    -76.44739930258639
1721    87H52H43+V2H    41.007188509011534    -76.44739397463775
1722    87H52H43+V2M    41.00720612663077    -76.44746153671707
1723    87H52H43+V28    41.00716429502774    -76.44742935343461
1724    87H52H43+V29    41.00716759716652    -76.44737790331294
1725    87H52H43+V3C    41.007177336701055    -76.44735565772639
1726    87H52H43+V36    41.007167983565104    -76.44734858601576
1727    87H52H43+V32    41.00713047480225    -76.44734921581845
1728    87H52H43+V33    41.007143049856026    -76.44732932948847
1729    87H52H43+R3W    41.00711985746537    -76.44731147476871
1730    87H52H43+R3V    41.00711011434868    -76.44733365108648
1731    87H52H43+R3W    41.007105562717456    -76.44730051803202
1732    87H52H43+V35    41.007126639233554    -76.44725221596298
1733    87H52H43+R3M    41.00708273809712    -76.44731263061544
1734    87H52H43+R3G    41.00707380909441    -76.44730602741532
1735    87H52H43+R3G    41.0070529948843    -76.44728978754829
1736    87H52H43+R39    41.00702633763517    -76.44726900851165
1737    87H52H43+Q4R    41.00699660247204    -76.44724626551648
1738    87H52H43+R42    41.00700581210978    -76.44722469809697
1739    87H52H43+Q4J    41.00696927844325    -76.4472252341095
1740    87H52H43+Q4M    41.006973480330295    -76.44719977422525
1741    87H52H43+Q4F    41.00693970285698    -76.4472026239843
1742    87H52H43+Q4G    41.00694917145664    -76.44718106147776
1743    87H52H43+Q4P    41.00695578111758    -76.44716564375628
1744    87H52H43+Q48    41.0069099927076    -76.44717980215783
1745    87H52H43+Q43    41.00689299819784    -76.44721848618211
1746    87H52H43+Q48    41.006919693776474    -76.44715737995854
1747    87H52H43+Q49    41.00690753660776    -76.44714784089885
1748    87H52H43+Q5C    41.00692520177259    -76.44710736001755
1749    87H52H43+Q5C    41.006937663865884    -76.4471169666474

Stairs
1598    87H52H43+P27    41.00677516714017    -76.44743908429399
1599    87H52H42+VVH    41.00719353736135    -76.44777416301835
1600    87H52H43+W2G    41.007321612393696    -76.44740935979537
1601    87H52H43+Q5C    41.006934350845796    -76.4471144136031
1602    87H52H43+X4F    41.00743380161923    -76.44721721084247
1603    87H52H52+2X3    41.007503779324274    -76.44756679753863
1604    87H52H42+RRH    41.0070643025387    -76.44787926364181
1605    87H52H42+RRP    41.007097393756695    -76.44793185992596
1606    87H52H43+X24    41.007376441073895    -76.4474091358385
1607    87H52H43+W2G    41.0073204796377    -76.44743694725861
********
Total # of nodes: 214 **********

***********Edges************

1768 1656
1774 1670
1777 1701
1786 1787
1787 1597
1799 1722
1799 1723
1610 1613
1612 1611
1612 1616
1613 1612
1614 1615
1615 1617
1616 1614
1616 1618
1617 1762
1618 1608
1618 1620
1619 1617
1620 1619
1620 1621
1621 1622
1621 1761
1622 1763
1622 1623
1623 1624
1623 1627
1625 1624
1625 1764
1626 1625
1627 1626
1627 1628
1628 1760
1628 1629
1629 1630
1629 1765
1630 1632
1630 1631
1631 1758
1631 1759
1632 1633
1632 1635
1633 1634
1634 1766
1635 1637
1635 1757
1636 1634
1637 1636
1637 1638
1638 1639
1638 1756
1639 1755
1639 1640
1640 1641
1640 1645
1640 1646
1641 1644
1641 1642
1642 1750
1642 1643
1643 1595
1643 1604
1643 1605
1644 1751
1644 1752
1645 1663
1646 1647
1646 1648
1647 1753
1647 1754
1648 1649
1648 1650
1649 1599
1650 1651
1650 1645
1651 1652
1651 1653
1652 1806
1652 1657
1653 1655
1653 1654
1654 1767
1655 1769
1655 1768
1656 1770
1656 1657
1657 1658
1658 1805
1658 1659
1659 1804
1659 1660
1660 1662
1660 1661
1661 1771
1661 1666
1662 1803
1662 1665
1663 1664
1663 1713
1664 1609
1664 1665
1665 1668
1666 1667
1667 1774
1668 1669
1668 1780
1669 1670
1669 1671
1670 1773
1671 1779
1671 1672
1672 1673
1672 1674
1673 1606
1674 1677
1674 1675
1675 1676
1676 1603
1677 1678
1678 1696
1679 1680
1679 1708
1680 1681
1680 1596
1681 1682
1682 1690
1683 1682
1683 1684
1684 1685
1685 1686
1686 1687
1687 1602
1688 1683
1688 1778
1689 1688
1689 1691
1690 1693
1690 1689
1691 1692
1692 1777
1693 1694
1693 1692
1694 1696
1695 1694
1695 1777
1696 1698
1697 1695
1697 1776
1698 1699
1698 1704
1699 1700
1699 1697
1700 1701
1701 1702
1703 1704
1703 1702
1704 1705
1705 1706
1706 1707
1707 1703
1707 1775
1708 1607
1709 1600
1710 1712
1710 1711
1711 1709
1712 1713
1713 1714
1714 1802
1714 1715
1715 1716
1715 1717
1716 1782
1716 1781
1717 1783
1717 1718
1718 1719
1719 1714
1719 1720
1720 1784
1720 1721
1721 1799
1721 1724
1722 1801
1723 1800
1724 1725
1724 1727
1725 1726
1726 1728
1726 1786
1727 1730
1727 1798
1728 1785
1728 1729
1729 1730
1729 1731
1730 1733
1731 1732
1732 1788
1733 1797
1733 1734
1734 1789
1734 1735
1735 1790
1735 1736
1736 1796
1736 1737
1737 1738
1738 1740
1739 1737
1739 1795
1739 1741
1740 1791
1740 1742
1741 1744
1742 1743
1742 1741
1743 1792
1744 1745
1744 1746
1745 1793
1745 1794
1746 1749
1746 1747
1747 1748
1749 1601
1598 1610
1604 1594
1605 1593
1606 1679
1607 1710
Total # of Edges: 231