
***********Nodes************

Bathroom
1940    87H52H42+WV3    41.00727144340818    -76.44784153210642
1941    87H52H42+WV4    41.00727089406893    -76.44778320659698
1942    87H52H42+WWM    41.007345334461185    -76.44768890869645
1943    87H52H42+WW6    41.007294914109835    -76.4477260189279
1944    87H52H42+XX3    41.007389579115966    -76.4475844521227
1945    87H52H42+WXJ    41.00734253265966    -76.44761730689639
1946    87H52H42+WWX    41.007356932026184    -76.44762846731409
1947    87H52H43+X3J    41.00746754974359    -76.44735052898474
1948    87H52H43+X35    41.00738007187686    -76.44727975465268
1949    87H52H43+W3W    41.00736685558216    -76.44730942791868
1950    87H52H42+XXH    41.007427012412485    -76.44750335140324
1951    87H52H43+W2J    41.00734044685086    -76.44747629597683
1952    87H52H42+WXH    41.00732153524265    -76.44751555831397
1953    87H52H43+W23    41.00725531950363    -76.44744566404147
1954    87H52H43+V2W    41.00723775854075    -76.44742804468234
1955    87H52H43+W25    41.007263131042606    -76.44739897595935
1956    87H52H43+W25    41.00725350104034    -76.4473921567763
1957    87H52H43+V2P    41.00721673533742    -76.44742026305232
1958    87H52H43+R3R    41.00712265074235    -76.44734641898053
1959    87H52H43+V2H    41.00718216507317    -76.44739310664544
1960    87H52H43+R3W    41.00712464261652    -76.44728969494074
1961    87H52H43+R3W    41.00710071778299    -76.44729750930925
1962    87H52H43+R39    41.00704280121413    -76.44726567020932
1963    87H52H43+Q4R    41.00699335916874    -76.4472467984521
1964    87H52H43+Q4M    41.00695736448515    -76.4471968542113
1965    87H52H43+Q4P    41.00695244873342    -76.4471680899212
1966    87H52H43+Q4G    41.00692670647903    -76.44718728562077
1967    87H52H43+Q3G    41.00694888102355    -76.44728797630593
1968    87H52H43+Q3F    41.00692694022759    -76.44731363168519
1969    87H52H43+Q39    41.006903984499225    -76.44725008026093
1970    87H52H43+Q38    41.0069088339358    -76.44729800732807
1971    87H52H43+P3X    41.006870936300984    -76.44727192943444
1972    87H52H43+Q3V    41.00699707350475    -76.44732766894597
1973    87H52H43+R25    41.00700014350548    -76.44737529321112
1974    87H52H43+R2H    41.00707120021893    -76.44739046175113
1975    87H52H43+V24    41.00713135450634    -76.44741458749273
1976    87H52H43+R2V    41.0071150752588    -76.4474479284889
1977    87H52H43+V22    41.00714547534591    -76.44747131305242
1978    87H52H43+V27    41.00716175566228    -76.44743957669432
1979    87H52H43+V2F    41.007196090436665    -76.44746738968463
1980    87H52H42+VXQ    41.007212216239246    -76.44750361985605
1981    87H52H42+WXF    41.00730632374742    -76.4475909894201
1982    87H52H42+WW9    41.00728422890585    -76.44762774921843
1983    87H52H42+WW4    41.00726715322363    -76.44766682633538
1984    87H52H42+WW3    41.00725121748548    -76.44770563413108
1985    87H52H42+VWR    41.00723302181707    -76.44774519656144
1986    87H52H42+VVP    41.007216413455104    -76.44778518356118
1987    87H52H42+VV5    41.00712638966505    -76.4477618977296
1988    87H52H42+RVX    41.007113131918025    -76.44775192313601
1989    87H52H42+RWJ    41.007094420224696    -76.44773767692588
1990    87H52H42+RW7    41.00704591514139    -76.44769376460714
1991    87H52H42+RW4    41.00702134677226    -76.4476775604023
1992    87H52H42+QXC    41.00693022275651    -76.44760592694767
1993    87H52H42+QX4    41.00689194237453    -76.44753423342323
1994    87H52H43+P2R    41.00686452678081    -76.44748352701585
1995    87H52H42+MXJ    41.006721908858275    -76.44760431664021
1996    87H52H42+PX2    41.00677378578063    -76.44760977761975
1997    87H52H42+QW5    41.006877775450675    -76.44764832818663
1998    87H52H42+QWC    41.006932161147994    -76.44773032053983
1999    87H52H42+QVP    41.006961595640945    -76.44778756674647
2000    87H52H42+RV5    41.00701782923794    -76.44775817066257
2001    87H52H42+RV9    41.00704378334357    -76.44776259718206
2002    87H52H42+RV7    41.007026859788596    -76.44783621425772
2003    87H52H42+RVM    41.00707745623934    -76.44781301132419
2004    87H52H42+VV6    41.00716560979235    -76.44786516337098
2005    87H52H42+VVC    41.00717560653586    -76.44787294574841
2006    87H52H42+RVC    41.00706466161805    -76.44786297147276
2007    87H52H42+RVJ    41.00708877895837    -76.44784597031885
2008    87H52H42+RRX    41.00712058082578    -76.4478904377439
2009    87H52H42+VRQ    41.00720056717703    -76.44789083420284
2010    87H52H42+VRX    41.007241492655204    -76.44789084948854

Entrance
1807    87H52H52+2X8    41.007537268573785    -76.4475480335958
1808    87H52H52+2X2    41.00751299569604    -76.44760744916208

Elevator
1816    87H52H42+PXH    41.00681533411865    -76.44751351591866
1817    87H52H42+WX7    41.0072818647954    -76.4475695419431

Point
1818    87H52H43+P22    41.00675583391562    -76.44748730768228
1819    87H52H43+P23    41.006765364209855    -76.44746522456782
1820    87H52H42+PX9    41.00679247336775    -76.44751576193505
1821    87H52H43+P2C    41.006802130365706    -76.44749339637478
1822    87H52H42+PX8    41.00678283419928    -76.44753787556942
1823    87H52H42+PX5    41.00677282071328    -76.44753018690074
1824    87H52H42+MXV    41.0067471322609    -76.44758930128516
1825    87H52H42+MXR    41.00673586211503    -76.44761519064255
1826    87H52H42+PX8    41.00679924015241    -76.44755049305486
1827    87H52H42+PXM    41.00684479509307    -76.4475856021121
1828    87H52H42+PXX    41.00687345107442    -76.44752001727586
1829    87H52H43+Q22    41.00688310752175    -76.447497745
1830    87H52H42+QX2    41.006889930857085    -76.44762023971194
1831    87H52H42+QW9    41.006915261151484    -76.44763991108117
1832    87H52H42+QWV    41.00698325755478    -76.44769202060034
1833    87H52H42+QVQ    41.006957841587045    -76.44775015577875
1834    87H52H42+QVH    41.00694657304866    -76.44777608450855
1835    87H52H42+RW3    41.00700708513911    -76.44771034829643
1836    87H52H42+RW6    41.007030631873235    -76.44772853376884
1837    87H52H42+RVH    41.00706290986881    -76.44775338144109
1838    87H52H42+RVH    41.00705509971893    -76.44777128093978
1839    87H52H42+RVQ    41.00708143172615    -76.44776777257502
1840    87H52H42+RVW    41.0071000434947    -76.44778193453759
1841    87H52H42+RVM    41.007084278823505    -76.44781826415678
1842    87H52H42+RVC    41.00706978756068    -76.44785136441435
1843    87H52H42+RVW    41.00711315088746    -76.44779208720485
1844    87H52H42+VR5    41.007127044147076    -76.44787543544685
1845    87H52H42+VV7    41.007150941459294    -76.44782109126301
1846    87H52H42+VVF    41.00717621975274    -76.44784062117533
1847    87H52H42+VVC    41.00718644678804    -76.44784846420266
1848    87H52H42+VVJ    41.0072046835508    -76.44786243213404
1849    87H52H42+VVJ    41.00721076661659    -76.44786719724107
1850    87H52H42+VVM    41.007221720928484    -76.4478231795478
1851    87H52H42+VVP    41.00720663807449    -76.44781152275142
1852    87H52H42+VVF    41.007199458236926    -76.44782795243567
1853    87H52H42+VV8    41.00716865893515    -76.44780432439869
1854    87H52H42+VVG    41.00717575856166    -76.44778793288098
1855    87H52H42+VVW    41.00723269798321    -76.44779781510928
1856    87H52H42+VVW    41.0072390875341    -76.44778329977308
1857    87H52H42+WV4    41.00726287016983    -76.44780171846665
1858    87H52H42+WV7    41.007282339244014    -76.44781668103198
1859    87H52H42+VVX    41.00724988316184    -76.44775840371004
1860    87H52H42+WW3    41.007267498747865    -76.44771815914442
1861    87H52H42+WW8    41.00728408893413    -76.44767988730796
1862    87H52H42+WW9    41.007296651226916    -76.44765155859729
1863    87H52H42+WWH    41.00730125220864    -76.44764068104334
1864    87H52H42+WWG    41.00731966797914    -76.44766921015784
1865    87H52H42+WXC    41.00731881789251    -76.44760043869091
1866    87H52H42+WXM    41.00733104318388    -76.44757271216588
1867    87H52H42+WXP    41.00734194377857    -76.44754792961527
1868    87H52H42+WXV    41.00736502298475    -76.44756559736005
1869    87H52H42+WXP    41.00734724476124    -76.44753523646001
1870    87H52H43+W2R    41.00736487400219    -76.44749504460482
1871    87H52H43+X24    41.00739103070678    -76.44743546948621
1872    87H52H43+X2C    41.00744015830411    -76.44747336387704
1873    87H52H42+XXX    41.00748858505026    -76.44751060891421
1874    87H52H53+223    41.00751919619333    -76.44744044264586
1875    87H52H53+23C    41.00755531231011    -76.4473578729785
1876    87H52H43+X2Q    41.00745131651244    -76.44738819775694
1877    87H52H43+X3W    41.00748729323683    -76.4473054238521
1878    87H52H43+X32    41.00739364598704    -76.44734391441385
1879    87H52H43+X32    41.00739017935811    -76.4473511935664
1880    87H52H43+W3V    41.0073739627565    -76.44733868144998
1881    87H52H43+X33    41.00738155485355    -76.44732089880232
1882    87H52H43+X34    41.00739467327153    -76.44729085611544
1883    87H52H43+X46    41.007415782053684    -76.44724252129785
1884    87H52H43+X46    41.007419348792276    -76.44723429128224
1885    87H52H43+X4F    41.00742771705906    -76.44721585936746
1886    87H52H43+X47    41.007401749702474    -76.44719599572126
1887    87H52H43+X43    41.00739376395522    -76.44721442494205
1888    87H52H43+X3H    41.00743260917776    -76.44725544311292
1889    87H52H43+X3H    41.00743013304165    -76.4472613182242
1890    87H52H42+WX8    41.00729325305681    -76.44754355504706
1891    87H52H42+WX5    41.00727063218511    -76.44752616565606
1892    87H52H42+WX9    41.00728100721891    -76.44750281773717
1893    87H52H43+W26    41.00729331409742    -76.44747455359281
1894    87H52H43+W2G    41.00731419696863    -76.44742645760533
1895    87H52H43+W2G    41.007302388792176    -76.44741756395142
1896    87H52H43+W27    41.007281468340736    -76.44746526225119
1897    87H52H43+V2R    41.007242992979755    -76.44747363763466
1898    87H52H43+V2R    41.00723168942504    -76.44749942566978
1899    87H52H43+V2J    41.0072183191165    -76.44748918764118
1900    87H52H43+V2V    41.00723387160978    -76.44746662863393
1901    87H52H43+V2W    41.00724741345078    -76.44743526951706
1902    87H52H43+V2M    41.00721480389813    -76.44745185684174
1903    87H52H43+V2J    41.007203435839465    -76.4474777678161
1904    87H52H43+V2M    41.00720574141854    -76.44744509836562
1905    87H52H43+V28    41.00717103451401    -76.44741817003853
1906    87H52H43+V29    41.00715358027578    -76.44740473575726
1907    87H52H43+V24    41.00714467508223    -76.4474248564887
1908    87H52H43+V23    41.00712979612503    -76.44745921680877
1909    87H52H43+R3R    41.007111267314116    -76.44737223222236
1910    87H52H43+R2X    41.00710250193279    -76.44739260050035
1911    87H52H43+R3J    41.007094375302515    -76.44735918763907
1912    87H52H43+R3W    41.00711618168154    -76.44730938545742
1913    87H52H43+R3J    41.00707836082686    -76.44737410937097
1914    87H52H43+R3F    41.00706704584348    -76.44733827840648
1915    87H52H43+R3C    41.007058311691    -76.44735875230553
1916    87H52H43+R3C    41.007052937217416    -76.44737074889882
1917    87H52H43+R37    41.00703817489246    -76.44731612493008
1918    87H52H43+R3G    41.00705029865379    -76.4472882634158
1919    87H52H43+R39    41.00703734827275    -76.44727825276652
1920    87H52H43+R35    41.007012641788954    -76.44725927910054
1921    87H52H43+R33    41.00701511206387    -76.44734161723653
1922    87H52H43+R34    41.00701105488026    -76.44729515943527
1923    87H52H43+R34    41.007000378608986    -76.44728700637397
1924    87H52H43+Q3X    41.00698189983956    -76.44727300668781
1925    87H52H43+Q3Q    41.006954099446965    -76.44725116618173
1926    87H52H43+Q3G    41.00694074576351    -76.44728178517244
1927    87H52H43+Q3G    41.00693705264038    -76.44729015486809
1928    87H52H43+Q39    41.0069185622741    -76.44727599143934
1929    87H52H43+Q35    41.00689934551874    -76.44726114383558
1930    87H52H43+Q42    41.006881690972456    -76.44724753745902
1931    87H52H43+Q42    41.006886472600364    -76.44723672208191
1932    87H52H43+Q4C    41.006925707104706    -76.44722944047552
1933    87H52H43+Q4F    41.00693965825924    -76.44719727823961
1934    87H52H43+Q4G    41.00694433719011    -76.44718681660994
1935    87H52H43+Q43    41.006898656359645    -76.44720869964807
1936    87H52H43+Q48    41.00690903922106    -76.4471842240388
1937    87H52H43+Q4H    41.00692751057025    -76.44714285573673
1938    87H52H43+Q44    41.00689641183769    -76.44717463894338
1939    87H52H43+Q49    41.006914492864546    -76.44713281735837
2011    87H52H43+W2Q    41.00734643367258    -76.44740127138157

Stairs
1809    87H52H43+P22    41.0067621469749    -76.4474728104393
1810    87H52H42+VV8    41.00717326761857    -76.44779339840863
1811    87H52H43+W2G    41.00730612749069    -76.44742007891743
1812    87H52H43+Q49    41.00692352379948    -76.44713997849759
1813    87H52H43+X43    41.007396478142326    -76.44720816765347
1814    87H52H43+W3R    41.00736489778125    -76.44735919605891
1815    87H52H52+2X8    41.00752950423914    -76.44754214999168
********
Total # of nodes: 205 **********

***********Edges************

1945 1946
1947 1877
1954 1956
1969 1929
1972 1921
2008 1844
1819 1821
1820 1818
1820 1822
1821 1820
1822 1823
1822 1826
1823 1824
1824 1825
1824 1996
1825 1995
1826 1816
1826 1827
1827 1828
1827 1830
1828 1829
1828 1993
1829 1994
1830 1997
1830 1831
1831 1992
1831 1832
1832 1835
1832 1833
1833 1834
1833 1998
1834 1999
1835 1991
1835 1836
1836 1990
1836 2000
1837 1836
1837 1838
1837 1839
1838 2001
1838 2002
1839 1989
1839 1840
1840 1988
1840 1841
1840 1843
1841 2003
1841 1842
1842 2006
1842 2008
1843 1987
1844 1845
1844 2007
1845 1843
1845 1846
1846 2004
1846 1847
1847 2005
1847 1848
1848 1849
1848 1850
1849 2009
1849 2010
1850 1851
1850 1855
1851 1852
1851 1854
1852 1853
1854 1810
1855 1856
1855 1986
1856 1859
1856 1857
1857 1941
1857 1858
1858 1940
1859 1985
1859 1860
1860 1984
1860 1861
1861 1983
1861 1862
1862 1864
1862 1863
1863 1982
1863 1865
1864 1942
1864 1943
1865 1981
1865 1866
1866 1867
1866 1890
1867 1868
1867 1869
1868 1944
1868 1945
1869 1952
1869 1870
1870 1951
1870 1871
1871 1872
1871 2011
1872 1950
1873 1872
1873 1815
1874 1873
1874 1875
1875 1877
1876 1947
1876 1874
1877 1889
1878 1876
1879 1878
1880 1881
1880 1879
1881 1882
1881 1949
1882 1948
1883 1884
1883 1882
1884 1885
1885 1886
1887 1884
1888 1883
1889 1888
1890 1817
1890 1891
1891 1892
1892 1893
1892 1897
1893 1894
1893 1896
1895 1811
1896 1895
1897 1953
1897 1898
1897 1900
1898 1899
1899 1980
1899 1903
1900 1901
1901 1955
1901 1954
1902 1900
1902 1904
1903 1902
1904 1957
1904 1979
1904 1905
1905 1959
1905 1978
1905 1906
1906 1907
1906 1909
1907 1908
1907 1975
1908 1977
1908 1976
1909 1958
1909 1910
1909 1911
1911 1912
1911 1914
1912 1960
1912 1961
1913 1910
1913 1974
1914 1915
1914 1917
1915 1916
1915 1913
1917 1918
1918 1919
1919 1962
1919 1920
1920 1923
1921 1916
1921 1973
1922 1917
1922 1972
1923 1922
1923 1924
1924 1963
1924 1925
1925 1926
1925 1932
1926 1967
1926 1927
1927 1968
1928 1927
1928 1970
1929 1930
1929 1928
1930 1971
1931 1930
1931 1969
1932 1933
1932 1935
1933 1934
1933 1966
1934 1965
1934 1964
1935 1931
1935 1936
1936 1937
1936 1938
1937 1812
1938 1939
2011 1814
1809 1819
1813 1887
1814 1880
1815 1807
Total # of Edges: 213