
***********Nodes************

Bathroom
211    87H52H53+446    41.00777907654928    -76.44722736262291
212    87H52H53+34W    41.007742308820035    -76.44717446939222
213    87H52H53+34V    41.007727487076764    -76.4471972238801
214    87H52H53+34M    41.00770784125702    -76.44721425093732
215    87H52H53+34C    41.00769396000124    -76.44723629168477
216    87H52H53+33H    41.00768166961542    -76.44725725939387
217    87H52H53+339    41.00766828124275    -76.44727823190424
218    87H52H53+338    41.007670622120216    -76.4473012631558
219    87H52H53+33G    41.00767561349027    -76.44730544166897
220    87H52H53+33P    41.00770531839649    -76.4472929480554
221    87H52H53+33X    41.00773119354689    -76.44726393220506
222    87H52H53+434    41.00776844588382    -76.44729613304679
223    87H52H53+433    41.00775542625301    -76.44732004536445
224    87H52H53+33F    41.00769728923555    -76.44732314962214
225    87H52H53+33M    41.00771166494937    -76.44733306314377
226    87H52H53+33J    41.00772323540904    -76.44734446055203
227    87H52H53+33V    41.007737831591484    -76.44734040147586
228    87H52H53+33R    41.00774927389846    -76.44735167331217
229    87H52H53+432    41.00776282847809    -76.44736233363881
230    87H52H53+43G    41.007814511144204    -76.44728619478708
231    87H52H53+43P    41.007831483832426    -76.4473104155633
232    87H52H53+532    41.007883728154376    -76.44735431925459
233    87H52H53+42X    41.00786559505512    -76.44738543897752
234    87H52H53+536    41.00790954340585    -76.44736040976102
235    87H52H53+52H    41.00793128244542    -76.44737793673987
236    87H52H53+42V    41.0078546420428    -76.44746255223001
237    87H52H53+42R    41.0078676165642    -76.44747488076993
238    87H52H53+522    41.00787902652387    -76.44748611480942
239    87H52H52+5X5    41.00788751663864    -76.44750799654688
240    87H52H52+5X9    41.007900779809155    -76.4475187100601
241    87H52H52+5X9    41.007912240172004    -76.44752914879508
242    87H52H52+5XG    41.00792662735086    -76.44754271896508
243    87H52H52+5XG    41.00793977153244    -76.44755423997111
244    87H52H53+52R    41.007984999884414    -76.44747880309747
245    87H52H53+52M    41.00797147859401    -76.44746852536699
246    87H52H52+5XQ    41.00795739135609    -76.44752574151696
247    87H52H52+5XH    41.00794449665638    -76.44751386217894
248    87H52H53+52C    41.0079348678819    -76.44747531148595
249    87H52H53+527    41.0079207592956    -76.44746309449195
250    87H52H53+527    41.00790824838475    -76.44745219587494
251    87H52H53+52G    41.007944602450856    -76.44741308518674
252    87H52H53+52P    41.0079573596822    -76.44742457126989
253    87H52H53+52P    41.00797111010016    -76.4474350958007
254    87H52H53+623    41.00800660779295    -76.4474438223636
255    87H52H53+53J    41.0079716681409    -76.44736921621
256    87H52H53+64F    41.008050284676266    -76.44721610581118
257    87H52H53+644    41.00801106786202    -76.44718162048692
258    87H52H53+54Q    41.00797152941462    -76.44714699106197
259    87H52H53+55C    41.00793225228448    -76.44711277904541
260    87H52H53+553    41.007893052101956    -76.44707833813494
261    87H52H53+45W    41.00785388242703    -76.44704442415046
262    87H52H53+45J    41.0078417485723    -76.44711733271139
263    87H52H53+548    41.007917599535055    -76.44718363748518
264    87H52H53+53Q    41.00796531184895    -76.44725283817509

Entrance
83    87H52H53+632    41.008010652419294    -76.44735361233623
84    87H52H53+42C    41.00781538529363    -76.44747326600168

Elevator
90    87H52H53+43W    41.007870359801736    -76.44731210652068

Point
91    87H52H53+34X    41.00774435598058    -76.44713412461296
92    87H52H53+452    41.00775605769669    -76.4471152095102
93    87H52H53+445    41.007767498766064    -76.44715447684536
94    87H52H53+449    41.007779200482176    -76.4471355617426
95    87H52H53+448    41.00778005087416    -76.44716549062535
96    87H52H53+449    41.0077917305233    -76.44714639685628
97    87H52H53+443    41.00776565191836    -76.44718886245367
98    87H52H53+443    41.00775803939763    -76.44720116762417
99    87H52H53+34V    41.007746535367474    -76.44719110159778
100    87H52H53+444    41.00775143111324    -76.44718271579366
101    87H52H53+34V    41.00773722956497    -76.4472057701685
102    87H52H53+34J    41.00772347626554    -76.44722796346808
103    87H52H53+33Q    41.00770981943582    -76.44725007563794
104    87H52H53+33H    41.00769707383495    -76.44727065251126
105    87H52H53+33H    41.007691132735644    -76.44728053261673
106    87H52H53+33G    41.0076791866383    -76.44728785734888
107    87H52H53+33G    41.00768393861564    -76.44729194239538
108    87H52H53+33P    41.007705178135964    -76.44731046429224
109    87H52H53+33M    41.00771848503173    -76.44732211411007
110    87H52H53+33W    41.00772690616411    -76.447308399426
111    87H52H53+33V    41.007730683064636    -76.44733283645283
112    87H52H53+33V    41.00773900736541    -76.44731921421935
113    87H52H53+33W    41.00774454757979    -76.4473105888601
114    87H52H53+434    41.00775859686802    -76.44728769398004
115    87H52H53+33V    41.007746781807604    -76.447325792948
116    87H52H53+433    41.00775865039769    -76.44733628557165
117    87H52H53+432    41.00777184586106    -76.4473478630341
118    87H52H53+446    41.00778228327057    -76.44722248164722
119    87H52H53+44C    41.00780175016914    -76.44723937211621
120    87H52H53+44C    41.00780943392807    -76.44722716400767
121    87H52H53+436    41.00778601157207    -76.44736013995667
122    87H52H53+43G    41.007821922365835    -76.44730200881878
123    87H52H53+43P    41.00782564514829    -76.4472959051475
124    87H52H53+43Q    41.00784749285946    -76.44726057626505
125    87H52H53+534    41.00787685747138    -76.4472862906023
126    87H52H53+534    41.00788302082835    -76.44729178731872
127    87H52H53+535    41.00788985511605    -76.44726520576353
128    87H52H53+537    41.007918131391015    -76.44732242919113
129    87H52H53+532    41.00789995901384    -76.44735217077971
130    87H52H53+532    41.007893278422735    -76.44736249582586
131    87H52H53+42X    41.00787440926337    -76.44739311041872
132    87H52H53+42W    41.00786208559902    -76.44741292039434
133    87H52H53+42X    41.007850848266756    -76.44740307836607
134    87H52H53+42W    41.007870080297685    -76.44741986620502
135    87H52H53+42V    41.00785527007567    -76.4474439090838
136    87H52H53+42V    41.00786231344676    -76.44745009611643
137    87H52H53+523    41.00787565117431    -76.44746180235963
138    87H52H53+522    41.00788761261629    -76.44747223472237
139    87H52H53+53F    41.007929508622176    -76.44733215314854
140    87H52H53+53G    41.007944080387965    -76.44730835882983
141    87H52H53+53C    41.00794579282733    -76.44734672628836
142    87H52H53+53M    41.00796047935195    -76.44732274907383
143    87H52H53+53M    41.00797281647827    -76.44733354405936
144    87H52H53+53J    41.00795808231996    -76.44735747959442
145    87H52H53+52H    41.00794071830192    -76.44738611600621
146    87H52H53+522    41.0078929270563    -76.44747693326292
147    87H52H53+526    41.007901800170146    -76.44748485997714
148    87H52H53+526    41.00790535653212    -76.44748793524452
149    87H52H53+526    41.00791490900133    -76.4474961017755
150    87H52H52+5X9    41.0079195324683    -76.4475002294926
151    87H52H52+5XH    41.00792643401359    -76.44750620740824
152    87H52H52+5X9    41.007919403456135    -76.44751785338929
153    87H52H52+5XH    41.00793412272848    -76.44753067716992
154    87H52H52+5XG    41.007947055810476    -76.44754221737398
155    87H52H52+5XP    41.00795495942016    -76.44754896322662
156    87H52H53+623    41.008015217156746    -76.44745145026593
157    87H52H53+52W    41.00799377241951    -76.44743257496665
158    87H52H53+52W    41.00797999170432    -76.44742049280096
159    87H52H53+52P    41.00796699974982    -76.44740905486077
160    87H52H53+52X    41.00799756911415    -76.44739203043203
161    87H52H53+52X    41.00798458888499    -76.44738057731901
162    87H52H53+52Q    41.00795404698669    -76.44739779930624
163    87H52H53+53R    41.00799717952199    -76.44735475113319
164    87H52H53+632    41.00800236963163    -76.44734663379104
165    87H52H53+633    41.008007414095744    -76.44733838900905
166    87H52H53+53V    41.007983009111044    -76.4473171920527
167    87H52H53+53P    41.00797072256946    -76.4473063915093
168    87H52H53+53W    41.00798408847736    -76.4472846914094
169    87H52H53+635    41.00802266558741    -76.44725294280859
170    87H52H53+639    41.008041275850125    -76.44726908860679
171    87H52H53+63H    41.0080516754283    -76.44725216213801
172    87H52H53+646    41.00803634445194    -76.44723854944814
173    87H52H53+642    41.00802146104035    -76.44722574581144
174    87H52H53+642    41.008010896134685    -76.44724282333019
175    87H52H53+642    41.00800167121465    -76.44723469592411
176    87H52H53+643    41.008012244076404    -76.44721773663743
177    87H52H53+54V    41.007996852063094    -76.44720408277549
178    87H52H53+54M    41.00797164651098    -76.44720815874943
179    87H52H53+54V    41.00798221606674    -76.4471910737141
180    87H52H53+54M    41.00796250840632    -76.44720036547244
181    87H52H53+54P    41.00797299988621    -76.44718321212072
182    87H52H53+54P    41.00795759241738    -76.4471695631933
183    87H52H53+54G    41.00794144506611    -76.44718189480484
184    87H52H53+54G    41.007932274137    -76.4471737224176
185    87H52H53+54G    41.007942662106785    -76.44715664699581
186    87H52H53+546    41.007915126946905    -76.44722443673065
187    87H52H53+53Q    41.00795920213764    -76.44726284766826
188    87H52H53+54G    41.00792665515449    -76.44716896581821
189    87H52H53+548    41.0079230499133    -76.44716581123215
190    87H52H53+54H    41.00793349466854    -76.44714882468507
191    87H52H53+549    41.00791821597844    -76.44713521898358
192    87H52H53+545    41.00789300291276    -76.4471393598765
193    87H52H53+556    41.00790344095939    -76.44712239759903
194    87H52H53+545    41.00788404387814    -76.44713166116941
195    87H52H53+552    41.00789447779779    -76.44711443932046
196    87H52H53+45R    41.007853790435604    -76.44710505790643
197    87H52H53+45V    41.00786439967523    -76.44708822127978
198    87H52H53+45R    41.007850872386335    -76.44710258598313
199    87H52H53+45J    41.007844946089556    -76.44709731910363
200    87H52H53+45V    41.007855399811376    -76.4470802650291
201    87H52H53+45M    41.00783003509049    -76.44708460750921
202    87H52H53+45M    41.00784022049134    -76.44706675768525
203    87H52H53+45F    41.007814823540606    -76.44707103503002
204    87H52H53+45P    41.00782533883127    -76.44705401955125
205    87H52H53+552    41.00787913565202    -76.44710098445604
206    87H52H53+42F    41.00781889750143    -76.44745470117326
207    87H52H53+42M    41.00782684174549    -76.44744163452293
208    87H52H53+42F    41.00782414420656    -76.44745913565069
209    87H52H53+42M    41.00783027087359    -76.44746440202798
210    87H52H53+42M    41.00783802187928    -76.44745178359888

Stairs
85    87H52H53+42M    41.007833475699144    -76.44744756666127
86    87H52H53+44J    41.00784117900148    -76.44722268623067
87    87H52H53+452    41.007752191170795    -76.44712135484875
88    87H52H53+42P    41.00784956508915    -76.4474337267411
89    87H52H53+42P    41.00783856861467    -76.44742290147205
********
Total # of nodes: 182 **********

***********Edges************

214 102
215 103
216 104
217 106
218 106
219 107
220 105
226 111
254 244
254 157
255 162
84 208
92 94
93 91
94 93
95 93
95 97
96 94
96 95
96 201
97 98
97 120
98 99
98 118
99 100
99 101
100 212
101 213
102 101
102 103
104 103
105 104
106 107
107 105
107 108
108 224
108 109
109 110
109 225
110 112
111 109
112 113
112 115
113 114
113 223
114 221
114 222
115 227
115 116
116 228
116 117
117 229
117 121
118 211
119 118
120 119
121 122
122 231
122 123
123 230
124 120
124 123
125 124
125 127
125 126
126 90
127 86
127 186
128 126
128 129
128 139
129 130
129 234
130 232
130 131
131 233
131 132
132 134
132 133
132 88
133 89
135 134
135 136
136 236
136 137
137 237
137 138
138 238
138 145
138 146
139 141
139 140
141 144
142 140
142 141
143 142
143 144
143 166
144 255
145 235
146 250
146 147
147 239
147 148
148 249
148 149
149 240
149 150
150 248
150 151
151 152
152 241
152 153
153 247
153 242
153 154
154 246
154 243
154 155
155 156
156 254
157 158
157 245
158 253
158 160
158 159
159 252
159 162
160 161
161 159
161 255
162 145
162 251
163 143
164 163
164 83
165 164
166 167
166 165
166 169
167 142
167 168
168 187
169 170
170 171
171 172
172 173
172 256
173 174
174 169
174 175
175 176
176 177
177 257
177 179
178 175
179 178
180 178
180 181
180 183
181 182
182 258
183 184
184 188
185 182
185 184
186 187
186 183
187 264
188 263
188 189
189 190
190 191
191 259
191 193
192 189
192 194
193 192
194 195
195 205
196 194
196 198
197 196
198 262
198 199
199 200
199 201
200 202
202 261
203 201
204 203
204 202
205 260
205 197
206 208
207 206
208 209
209 210
210 85
87 92
88 210
89 207
Total # of Edges: 202