
***********Nodes************

Bathroom
542    87H52H53+445    41.00775136500019    -76.44714643694161
543    87H52H53+34W    41.00773233721587    -76.4471768833159
544    87H52H53+34M    41.0077188772593    -76.44719786408129
545    87H52H53+34M    41.00770707248401    -76.44721752778516
546    87H52H53+34C    41.0076941094802    -76.44723809991089
547    87H52H53+33H    41.00768372616315    -76.44725592714101
548    87H52H53+33H    41.0076850858194    -76.44727542640116
549    87H52H53+33G    41.007692653046284    -76.44728232458316
550    87H52H53+435    41.00775007420752    -76.44726770404297
551    87H52H53+434    41.00776487615998    -76.44729809508114
552    87H52H53+439    41.007777370466236    -76.44727576378635
553    87H52H53+438    41.007799817187255    -76.44729733159662
554    87H52H53+43H    41.00782109956963    -76.44725723040986
555    87H52H53+447    41.00778459895073    -76.44721778916593
556    87H52H53+443    41.00776221435388    -76.4471879803718
557    87H52H53+43P    41.0078385199387    -76.44729530378817
558    87H52H53+533    41.007892038322765    -76.44733474009142
559    87H52H53+532    41.007875530051564    -76.44736215353653
560    87H52H53+529    41.00791482582178    -76.44737647133779
561    87H52H53+42W    41.00786871776596    -76.44743569992475
562    87H52H53+42V    41.007871121447785    -76.44744401872514
563    87H52H53+523    41.00789069956479    -76.44746179047084
564    87H52H53+53J    41.0079557982394    -76.44736089227248
565    87H52H53+53J    41.007972665689316    -76.447356007835
566    87H52H53+634    41.00800829120632    -76.44729647010067
567    87H52H53+646    41.00804867567277    -76.44721900770917
568    87H52H53+64F    41.00806072911413    -76.44719116652364
569    87H52H53+647    41.00803747961156    -76.44718995299282
570    87H52H53+644    41.008024074285636    -76.44717820340536
571    87H52H53+644    41.00801238558042    -76.44716600408381
572    87H52H53+54X    41.0079989154415    -76.44715472464404
573    87H52H53+54H    41.0079470868248    -76.44713471411536
574    87H52H53+55C    41.007935663603334    -76.44711957390038
575    87H52H53+55C    41.00793381705167    -76.44710021935654
576    87H52H53+55F    41.00793406053156    -76.44708626296506
577    87H52H53+557    41.007923359222815    -76.44707473030131
578    87H52H53+557    41.00790854367333    -76.44706297797174
579    87H52H53+45W    41.007866634330824    -76.44705083947406
580    87H52H53+45X    41.00787241958723    -76.44702020213033
581    87H52H53+45X    41.00785630738943    -76.44702430180952
582    87H52H53+45P    41.00784391464786    -76.44704504159465
583    87H52H53+45F    41.00782241107081    -76.44707808546356
584    87H52H53+44Q    41.0078292447038    -76.44712529189286
585    87H52H53+44Q    41.00784212235078    -76.44712767156831
586    87H52H53+45J    41.00784780994583    -76.44711261911489
587    87H52H53+44X    41.00786481280241    -76.44712522099364
588    87H52H53+544    41.0078846607352    -76.44717138157476
589    87H52H53+44W    41.007870641255224    -76.44715936019921
590    87H52H53+547    41.00791635706952    -76.44720095225398
591    87H52H53+54F    41.007926896346    -76.44720846751319
592    87H52H53+54C    41.00793998906608    -76.44721880723252
593    87H52H53+54J    41.00795369428523    -76.4472297746183
594    87H52H53+54J    41.00796642803335    -76.44724177249788
595    87H52H53+53X    41.007977534351994    -76.4472531185854
596    87H52H53+642    41.00800413400794    -76.44724922714234

Elevator
456    87H52H53+534    41.007877311770635    -76.44729667149562

Point
457    87H52H53+452    41.00775219029883    -76.44712331837785
458    87H52H53+445    41.00777446150512    -76.44714270432276
459    87H52H53+456    41.007785581974524    -76.4471248327306
460    87H52H53+449    41.00778468227317    -76.44715157791785
461    87H52H53+449    41.007795911632066    -76.44713366128487
462    87H52H53+449    41.00779993585838    -76.44713718248288
463    87H52H53+448    41.00777514993642    -76.44716709569867
464    87H52H53+444    41.00777219235477    -76.44717193811343
465    87H52H53+445    41.00776012110973    -76.44715405413274
466    87H52H53+34W    41.00774125694185    -76.44718461327189
467    87H52H53+34V    41.00773023292307    -76.44720241278608
468    87H52H53+34V    41.00772808326087    -76.44720575875203
469    87H52H53+34J    41.007716022014435    -76.44722526106369
470    87H52H53+34J    41.00770316253861    -76.44724608076623
471    87H52H53+33H    41.0076923967201    -76.44726354310706
472    87H52H53+33Q    41.00770010163506    -76.44727029152781
473    87H52H53+33W    41.00773733185554    -76.44730282978183
474    87H52H53+435    41.00775595182963    -76.44727274319727
475    87H52H53+446    41.00777520241503    -76.44724181725616
476    87H52H53+44F    41.007808942195254    -76.44720393414997
477    87H52H53+446    41.00779482480595    -76.44722655332461
478    87H52H53+446    41.007781882373585    -76.44724764992955
479    87H52H53+435    41.00776904691041    -76.44726843355363
480    87H52H53+434    41.00775566435982    -76.44729009780258
481    87H52H53+33W    41.00774405108054    -76.44730881956481
482    87H52H53+436    41.00778418936436    -76.44734382769099
483    87H52H53+43G    41.007808389649924    -76.44730472479743
484    87H52H53+43G    41.00782200777772    -76.44728261863196
485    87H52H53+43Q    41.00783193929393    -76.44726660015644
486    87H52H53+44J    41.0078489918117    -76.44723909167709
487    87H52H53+44R    41.00785580108083    -76.4472449828693
488    87H52H53+43P    41.00782972869995    -76.44728742333261
489    87H52H53+535    41.00789050471329    -76.4472754096193
490    87H52H53+53G    41.00792583417359    -76.44730626776996
491    87H52H53+536    41.00790248359869    -76.44734389482267
492    87H52H53+532    41.00788571762566    -76.44737107269265
493    87H52H53+42M    41.007844582019935    -76.44743755735793
494    87H52H53+529    41.007900789719635    -76.4473842068597
495    87H52H53+529    41.00790553358146    -76.44738837088309
496    87H52H53+52H    41.007925334558166    -76.44740567462378
497    87H52H53+52H    41.00793341959094    -76.44739269886428
498    87H52H53+53F    41.00794674066874    -76.44732461198585
499    87H52H53+53J    41.00796371562117    -76.44734813681298
500    87H52H53+53M    41.0079671395659    -76.4473424254652
501    87H52H53+53V    41.007978110364206    -76.4473248058209
502    87H52H53+634    41.00800015130241    -76.44728931261632
503    87H52H53+646    41.008025018913045    -76.4472488820079
504    87H52H53+647    41.00804536809656    -76.44721605606287
505    87H52H53+647    41.00802974542346    -76.44720233163237
506    87H52H53+642    41.00800338903495    -76.4472300505377
507    87H52H53+54R    41.00799611070549    -76.44724201793535
508    87H52H53+54R    41.00798834531296    -76.44723535601734
509    87H52H53+643    41.00801640286672    -76.4471906497428
510    87H52H53+644    41.00800390446525    -76.44717981723333
511    87H52H53+54R    41.007976703341384    -76.44722513686278
512    87H52H53+54M    41.00796370305678    -76.44721369345933
513    87H52H53+54W    41.00799059786097    -76.44716812233513
514    87H52H53+54M    41.00795036760383    -76.44720204263335
515    87H52H53+54F    41.007937723845366    -76.44719102711063
516    87H52H53+54G    41.007940267698366    -76.44717475289015
517    87H52H53+54Q    41.0079606366774    -76.44714190210341
518    87H52H53+54Q    41.00796915177977    -76.44712820619922
519    87H52H53+55J    41.007957517799966    -76.44711810973835
520    87H52H53+54H    41.007942089585725    -76.44713036521453
521    87H52H53+548    41.00792363581433    -76.4471602127131
522    87H52H53+55C    41.00792679251213    -76.44711172446323
523    87H52H53+556    41.00792118114963    -76.44710682264349
524    87H52H53+556    41.007909793558646    -76.44709687631958
525    87H52H53+556    41.00790660642252    -76.44709407054674
526    87H52H53+54G    41.007927942599316    -76.44718237674948
527    87H52H53+545    41.007895327008804    -76.44715395469352
528    87H52H53+545    41.00788147211484    -76.44714189793358
529    87H52H53+545    41.007888806136606    -76.44712977358668
530    87H52H53+545    41.00788595955438    -76.44712725935938
531    87H52H53+45R    41.00787142218982    -76.44711448644235
532    87H52H53+45R    41.007855256288465    -76.44710036732725
533    87H52H53+553    41.00789541605241    -76.44708425114352
534    87H52H53+45J    41.007832802851134    -76.44711957964458
535    87H52H53+45J    41.007839170184255    -76.44710908840057
536    87H52H53+45C    41.007824978783404    -76.44709669830875
537    87H52H53+45M    41.007831520476145    -76.44708615410275
538    87H52H53+45M    41.00783410616366    -76.44708190587504
539    87H52H53+45W    41.007865018795876    -76.44703194615
540    87H52H53+45W    41.00785803698019    -76.4470434369671
541    87H52H53+45W    41.0078524178046    -76.44705244002925
********
Total # of nodes: 141 **********

***********Edges************

544 468
573 520
457 458
458 459
459 461
460 463
460 458
461 462
461 460
462 536
463 465
463 464
464 556
464 476
465 542
465 466
466 543
466 467
467 468
467 475
468 469
469 545
469 470
470 546
470 471
471 547
471 548
471 472
472 549
472 473
473 474
473 481
474 475
474 550
476 477
476 486
477 478
477 555
478 475
478 479
479 552
480 551
480 479
481 480
481 482
482 483
483 553
483 484
484 478
484 485
485 554
486 485
486 487
487 488
487 489
488 557
489 456
489 490
490 491
490 498
491 558
491 492
492 559
492 493
492 494
494 495
494 561
495 562
495 496
496 497
496 563
497 560
498 500
498 560
499 564
499 565
500 499
500 501
501 502
502 566
502 503
503 506
503 504
504 567
504 568
504 505
505 569
505 509
506 507
506 516
507 596
507 508
508 595
508 511
509 570
509 510
510 571
510 513
511 594
511 512
512 593
512 514
513 572
513 517
514 592
514 515
515 591
515 526
516 517
516 521
517 518
518 519
519 573
521 520
521 529
522 574
522 575
523 576
523 522
524 577
524 523
525 524
525 533
526 590
526 527
527 588
528 527
528 589
529 528
529 530
530 525
530 531
531 587
531 532
532 586
532 538
533 578
534 585
534 584
535 534
536 535
537 536
537 583
538 537
538 541
539 581
539 580
540 539
540 579
541 540
541 582
Total # of Edges: 151