
***********Nodes************

Bathroom
392    87H52H53+34V    41.007730629946266    -76.44720636379024
393    87H52H53+34M    41.007724608664404    -76.44721564228398
394    87H52H53+33Q    41.00770105973878    -76.44727594758754
395    87H52H53+33W    41.00772779331768    -76.44729554040529
396    87H52H53+443    41.00776778259776    -76.44718789717268
397    87H52H53+33V    41.00774140067114    -76.44732673671686
398    87H52H53+33V    41.007746368851855    -76.44731817879841
399    87H52H53+439    41.007777320980644    -76.44726144673392
400    87H52H53+438    41.00779290384172    -76.44729830680491
401    87H52H53+43P    41.00784009177025    -76.44728938044425
402    87H52H53+533    41.007891271022466    -76.44733471299237
403    87H52H53+43R    41.007873446730166    -76.44736289937761
404    87H52H52+5X9    41.00790951265104    -76.44751224981226
405    87H52H53+522    41.007875047466534    -76.44748208072858
406    87H52H53+52F    41.00793814826294    -76.447444600956
407    87H52H53+528    41.00790122042514    -76.44741056011115
408    87H52H53+52X    41.00798126894305    -76.44738626813758
409    87H52H53+53C    41.00793172646151    -76.44735684042217
410    87H52H53+53C    41.00794633724746    -76.4473511081712
411    87H52H53+45C    41.00782240186609    -76.44711672168452
412    87H52H53+44Q    41.00783290612853    -76.44713019472601
413    87H52H53+44Q    41.00784424575612    -76.44714306206839
414    87H52H53+44W    41.007872715298554    -76.44716303158084
415    87H52H53+544    41.007885666538336    -76.44717472654379
416    87H52H53+544    41.007899413883074    -76.44718560227338
417    87H52H53+547    41.007910595118524    -76.4471976927259
418    87H52H53+547    41.007922993529135    -76.44720819125409
419    87H52H53+54C    41.007936815422646    -76.44722006227309
420    87H52H53+53Q    41.007969806166464    -76.44725129485397
421    87H52H53+53X    41.00797648117477    -76.44725532607906
422    87H52H53+53X    41.00798902304836    -76.44726538785604
423    87H52H53+634    41.008005254975146    -76.44729720907287
424    87H52H53+635    41.00801668661821    -76.44727988025662
425    87H52H53+639    41.00802983641729    -76.44725914226971
426    87H52H53+646    41.008042238805224    -76.44723701799734
427    87H52H53+64F    41.008054848294854    -76.44721725481811
428    87H52H53+64F    41.00806846197575    -76.44719587422675
429    87H52H53+648    41.008049279124755    -76.44718351438298
430    87H52H53+648    41.00803667277983    -76.44717340630378
431    87H52H53+644    41.008024868350994    -76.44716235554235
432    87H52H53+645    41.008011902196834    -76.44715042197146
433    87H52H53+54X    41.00799847468709    -76.44714021837247
434    87H52H53+54X    41.00798542480701    -76.44712914548963
435    87H52H53+55J    41.007972750425196    -76.44711690533634
436    87H52H53+55J    41.007959403362584    -76.44710555353758
437    87H52H53+55F    41.0079465371149    -76.44709295922026
438    87H52H53+55F    41.00793392239656    -76.44708283585483
439    87H52H53+557    41.00792049951696    -76.44707133185457
440    87H52H53+558    41.00790770206661    -76.44706150759524
441    87H52H53+554    41.00789556866581    -76.44704934247021
442    87H52H53+554    41.00788188251945    -76.44703754055662
443    87H52H53+45X    41.00786055017297    -76.44701272940804
444    87H52H53+45P    41.0078471753483    -76.4470333942808
445    87H52H53+45P    41.00783438073104    -76.44705417349174
446    87H52H53+45F    41.00782103242947    -76.4470748588133
447    87H52H53+45V    41.007851998478436    -76.44707876783652
448    87H52H53+552    41.00788539856079    -76.4471086117112
449    87H52H53+549    41.00790240217516    -76.44714777034325
450    87H52H53+556    41.007923144450295    -76.44711498017641
451    87H52H53+549    41.00791863644179    -76.44713690066348
452    87H52H53+54H    41.00792851404704    -76.44714681407754
453    87H52H53+54P    41.007954459432135    -76.4471685160707
454    87H52H53+54V    41.00799175992239    -76.44720056851085
455    87H52H53+642    41.008018248708176    -76.44722458780616

Elevator
268    87H52H53+43W    41.00787438854088    -76.44729738269665

Point
269    87H52H53+35R    41.00774891274846    -76.44712158692563
270    87H52H53+452    41.00775938873016    -76.44710444716443
271    87H52H53+445    41.007771679617065    -76.4471415192896
272    87H52H53+456    41.00778224172767    -76.44712446052222
273    87H52H53+449    41.00777988737002    -76.44714862792495
274    87H52H53+449    41.00779045353663    -76.44713160842038
275    87H52H53+449    41.00778581221438    -76.4471538807154
276    87H52H53+449    41.00779642925777    -76.4471368165144
277    87H52H53+444    41.00776766684138    -76.44716843571375
278    87H52H53+444    41.00777364128448    -76.44717363257783
279    87H52H53+444    41.007759908082434    -76.44718099111864
280    87H52H53+34V    41.00773937644096    -76.44721394476474
281    87H52H53+34R    41.00773349020546    -76.44722346525684
282    87H52H53+33Q    41.00770801311656    -76.4472647624004
283    87H52H53+33W    41.00773319227381    -76.44728681661294
284    87H52H53+33W    41.007743018320014    -76.44729537682882
285    87H52H53+44F    41.00780264232882    -76.44719899435431
286    87H52H53+44F    41.00782369318624    -76.44721742205581
287    87H52H53+446    41.00779261761335    -76.44724535017893
288    87H52H53+44C    41.007803758372376    -76.44724977207026
289    87H52H53+43H    41.00780153732179    -76.44725317761366
290    87H52H53+439    41.007780763648256    -76.44726449766422
291    87H52H53+435    41.00777430885926    -76.44727494042523
292    87H52H53+438    41.007783197151326    -76.44728283013225
293    87H52H53+433    41.00775599003525    -76.44732674548445
294    87H52H53+433    41.00775094478385    -76.44733502905612
295    87H52H53+44M    41.00783516746405    -76.44719902887162
296    87H52H53+43H    41.00781606133408    -76.4472606627483
297    87H52H53+44R    41.00785373897657    -76.44724373328569
298    87H52H53+43Q    41.00783369889649    -76.44727599560673
299    87H52H53+43Q    41.00783066471126    -76.44728106962746
300    87H52H53+535    41.00788855664953    -76.44727420400159
301    87H52H53+538    41.00791715397236    -76.4472991529396
302    87H52H53+53H    41.007928606034554    -76.44728071967477
303    87H52H53+538    41.00792320764181    -76.447304577116
304    87H52H53+533    41.007899964351815    -76.44734218928066
305    87H52H53+532    41.007887776753506    -76.4473619713855
306    87H52H53+532    41.00788230714258    -76.4473706428108
307    87H52H53+42X    41.00787127872652    -76.44738862652869
308    87H52H53+42X    41.00785911200872    -76.44737807679148
309    87H52H53+525    41.007878985700856    -76.4473953198071
310    87H52H53+42P    41.00783110920555    -76.44742356071782
311    87H52H53+42P    41.00784307553862    -76.44743405376798
312    87H52H53+42M    41.00784005137963    -76.44745821361866
313    87H52H53+42M    41.00784937642551    -76.44746646119573
314    87H52H53+42J    41.007835341463135    -76.4474893211829
315    87H52H53+42V    41.00786629368905    -76.44743927405302
316    87H52H53+42W    41.00787452949815    -76.44742594295396
317    87H52H53+529    41.007904837083245    -76.44737682842973
318    87H52H53+536    41.007913458834764    -76.44736315072733
319    87H52H53+53F    41.00794033900132    -76.44731944968697
320    87H52H52+4XX    41.00787184476311    -76.44752124494299
321    87H52H53+522    41.00788869957201    -76.44749401544021
322    87H52H53+526    41.00790273115501    -76.44747106190486
323    87H52H53+523    41.007893136126015    -76.44744224875137
324    87H52H53+527    41.00791067579387    -76.44745747604503
325    87H52H53+528    41.007908731002416    -76.44741702378602
326    87H52H53+529    41.00792352962709    -76.44739313143401
327    87H52H53+52G    41.007940905290525    -76.44740839826987
328    87H52H53+52G    41.007925541273245    -76.44743354397477
329    87H52H53+52H    41.007947155003826    -76.44739263881524
330    87H52H53+52Q    41.00795612819505    -76.44737809871664
331    87H52H53+53J    41.00796176907438    -76.44736923359412
332    87H52H53+53J    41.00797408896982    -76.44734898025101
333    87H52H53+53M    41.00796420082887    -76.44734033321187
334    87H52H53+53C    41.00793878672345    -76.44736300248333
335    87H52H53+53W    41.007996024805195    -76.44728909043343
336    87H52H53+635    41.00800693714689    -76.447271433782
337    87H52H53+635    41.00801093479846    -76.44726483449394
338    87H52H53+635    41.00801993291132    -76.44725041525801
339    87H52H53+646    41.0080331298952    -76.44722902016173
340    87H52H53+647    41.008045511209716    -76.44720899660454
341    87H52H53+647    41.008048493467626    -76.4472040603424
342    87H52H53+64G    41.00805891956058    -76.44718738615532
343    87H52H53+635    41.008003073985456    -76.4472579778869
344    87H52H53+642    41.008021777943796    -76.44722776604115
345    87H52H53+647    41.00804075386037    -76.44719718944812
346    87H52H53+53X    41.007996909358866    -76.44725246557721
347    87H52H53+648    41.00802851328942    -76.44718650808815
348    87H52H53+54R    41.00798480221148    -76.4472418700819
349    87H52H53+54R    41.0079788380625    -76.44723671545201
350    87H52H53+54V    41.00799783938096    -76.4472059594703
351    87H52H53+644    41.008016455965816    -76.44717591300892
352    87H52H53+54J    41.00796381788359    -76.44722358039152
353    87H52H53+644    41.00800326660335    -76.4471643335995
354    87H52H53+54F    41.00794485507045    -76.44720693369865
355    87H52H53+54X    41.00799046988503    -76.44715320668622
356    87H52H53+54X    41.00797755876714    -76.44714187662238
357    87H52H53+54Q    41.007968799916334    -76.44713425692666
358    87H52H53+54Q    41.00796442451436    -76.44713044236369
359    87H52H53+54G    41.007949992958245    -76.4471646915619
360    87H52H53+54F    41.00793121949803    -76.44719496023943
361    87H52H53+548    41.00791890478828    -76.44718420616817
362    87H52H53+55J    41.00795112340577    -76.44711879321571
363    87H52H53+55C    41.007944398124025    -76.44711285569733
364    87H52H53+548    41.00790680269826    -76.44717363414563
365    87H52H53+54H    41.00792518606059    -76.44714386734299
366    87H52H53+549    41.007922171379704    -76.44713999665335
367    87H52H53+55C    41.0079407804193    -76.44710983564138
368    87H52H53+55C    41.007937795249525    -76.44710721781219
369    87H52H53+548    41.007903303884845    -76.44717056623232
370    87H52H53+544    41.00789350642899    -76.4471619461576
371    87H52H53+55C    41.0079315580037    -76.4471016815211
372    87H52H53+55C    41.007925580811516    -76.44709640062258
373    87H52H53+557    41.00791220215596    -76.44708481469802
374    87H52H53+553    41.007899871716745    -76.44707403525125
375    87H52H53+545    41.00788042063906    -76.44715057037524
376    87H52H53+44X    41.00787045269051    -76.44714184990792
377    87H52H53+44X    41.00786243571746    -76.44713471189934
378    87H52H53+552    41.00788099829321    -76.44710474777725
379    87H52H53+44X    41.00785392440333    -76.44712742253282
380    87H52H53+553    41.00788727192931    -76.44706284874215
381    87H52H53+45W    41.00787364314942    -76.44705098584524
382    87H52H53+45W    41.00786675068952    -76.44704499249686
383    87H52H53+45J    41.00784142525334    -76.4471163760972
384    87H52H53+45J    41.00782923150164    -76.44710565496668
385    87H52H53+45M    41.007848133222794    -76.44707529374594
386    87H52H53+45X    41.007868741007854    -76.44701997794907
387    87H52H53+45W    41.00785815230199    -76.4470373535534
388    87H52H53+45W    41.00785574943389    -76.44704102693207
389    87H52H53+45P    41.00784300229192    -76.44706163696094
390    87H52H53+45M    41.00782997382211    -76.44708260167904
391    87H52H53+45C    41.00782050514017    -76.44709818914222

Stairs
265    87H52H53+452    41.00775524009907    -76.44711122388742
266    87H52H53+42P    41.0078376306551    -76.44742935724808
267    87H52H53+53P    41.007951906726625    -76.44730127690862
********
Total # of nodes: 191 **********

***********Edges************

404 321
268 300
270 265
270 272
271 269
272 271
272 274
273 271
274 273
274 276
275 273
275 278
276 275
277 273
277 279
278 277
278 285
279 396
279 280
280 392
280 281
281 393
281 282
282 394
282 283
283 395
283 284
284 285
285 286
286 288
286 295
286 297
287 290
288 289
288 296
289 287
290 399
290 291
291 292
292 289
292 293
293 294
293 398
294 397
295 376
296 400
297 298
297 300
298 299
298 296
299 401
300 301
301 303
301 302
302 267
302 352
303 304
303 319
304 402
304 305
305 306
306 403
306 307
307 309
307 308
307 311
308 310
309 312
311 266
312 313
313 315
313 314
314 320
315 316
316 317
317 305
317 318
317 326
318 329
319 318
320 321
321 322
321 405
322 315
323 316
323 325
324 323
325 326
325 407
326 327
327 328
328 406
328 324
329 330
330 331
330 334
331 332
331 408
332 333
333 319
333 335
334 410
334 409
335 423
335 336
336 337
336 424
337 338
337 343
338 425
338 339
339 426
339 340
340 341
340 427
341 342
342 428
343 344
343 346
344 455
345 429
345 341
345 344
345 347
346 422
346 348
347 430
347 351
348 421
348 349
349 420
349 350
350 454
351 431
351 350
351 353
352 349
353 432
353 355
354 419
354 352
355 433
355 356
356 434
356 357
357 359
357 358
358 435
358 362
359 453
360 359
360 418
360 354
360 361
361 417
361 364
362 436
362 363
363 365
363 367
364 416
364 369
364 365
365 452
366 451
367 368
367 366
368 371
368 437
369 366
370 449
370 415
370 369
371 450
371 372
372 438
372 373
373 439
373 374
374 440
374 380
374 378
375 414
375 370
376 375
377 376
377 378
378 448
379 413
379 377
380 441
380 381
381 442
381 382
382 387
382 385
383 412
383 379
384 385
384 411
384 383
385 447
386 443
387 388
387 386
388 444
388 389
389 390
389 445
390 446
390 391
391 384
391 276
Total # of Edges: 213