
***********Nodes************

Elevator
1643 87H52H42+PXH 41.00681283614087 -76.44751589823797
1644 87H52H42+WXF 41.00730710607756 -76.44756333833864

Point
1638 87H52H52+2X8 41.007537638538224 -76.44753542282061
1645 87H52H42+PX8 41.006794977666885 -76.44753873333534
1646 87H52H42+QWH 41.0069408355752 -76.44764912109282
1647 87H52H42+RVH 41.00707036683608 -76.44775060532518
1648 87H52H42+VVR 41.007225714572556 -76.44787012285792
1649 87H52H42+WW6 41.00728827249974 -76.44772684502469
1650 87H52H42+WXV 41.00735247386089 -76.44757568792514
1651 87H52H43+X27 41.007411196834376 -76.44744530864537
1652 87H52H52+2X5 41.00751369020949 -76.44750892300249
1653 87H52H42+WX9 41.00729421427896 -76.44750953045012
1654 87H52H43+V2P 41.00720526930379 -76.44743134697623
1655 87H52H43+R3J 41.00709034644256 -76.4473447592469
1656 87H52H43+Q4C 41.00693492389227 -76.44722335542575
1657 87H52H42+XX3 41.007376449660825 -76.44756349670047
1658 87H52H42+WWX 41.007366515066586 -76.44762534521372
1659 87H52H42+XW5 41.007393278086084 -76.44764532589559
1660 87H52H43+W23 41.007270081043295 -76.44745423053934
1661 87H52H43+W23 41.0072571791086 -76.44744674268016
1662 87H52H43+W28 41.00728492319714 -76.44741200667445
1663 87H52H43+W25 41.007263664601076 -76.44739382254068
1664 87H52H43+V2W 41.00723085154246 -76.44741856294293
1665 87H52H43+V32 41.00713162064624 -76.44734953409292
1666 87H52H43+R3W 41.00711083367539 -76.44729940524229
1667 87H52H43+V34 41.007130845648895 -76.44729163763714
1668 87H52H43+R3G 41.00705400898563 -76.44728860403293
1669 87H52H43+Q4R 41.00699443043741 -76.44724398614194
1670 87H52H43+Q4M 41.0069527715458 -76.44718816218162
1671 87H52H43+Q4P 41.00695319356959 -76.44716044634043
1672 87H52H43+Q4G 41.00693127672543 -76.44717772080436
1673 87H52H43+Q3Q 41.00695072034097 -76.44725973327874
1674 87H52H43+Q3G 41.00693552933041 -76.44729864086563
1675 87H52H43+Q43 41.0068928459325 -76.44721581689923
1676 87H52H43+Q38 41.00691296122569 -76.44728188756174
1677 87H52H43+Q35 41.00687716904379 -76.44725069321333
1678 87H52H43+R34 41.007009313024845 -76.44730298311356
1679 87H52H43+R33 41.00702220400008 -76.44734033179829
1680 87H52H43+R3C 41.00706623938756 -76.447354704183
1681 87H52H43+V24 41.00714741278236 -76.44741776490373
1682 87H52H43+V23 41.00713583310742 -76.44745457427571
1683 87H52H43+V26 41.00715305669735 -76.447469654058
1684 87H52H43+V2G 41.007177176844074 -76.44743395868517
1685 87H52H43+V2M 41.00721462506613 -76.44746033134929
1686 87H52H43+W22 41.007253493104066 -76.44748962508567
1687 87H52H42+WXJ 41.00733346098836 -76.44760174362875
1688 87H52H42+WWH 41.007311956031906 -76.44763762228084
1689 87H52H42+WW8 41.00729173386988 -76.44767570701038
1690 87H52H42+WW7 41.007275733336854 -76.44771338221057
1691 87H52H42+WV5 41.00725671915543 -76.44775178672914
1692 87H52H42+VVW 41.00723992170614 -76.44779128712466
1693 87H52H42+VV5 41.00713949790561 -76.44777437367902
1694 87H52H42+VV5 41.00712665817854 -76.44776571452623
1695 87H52H42+RWR 41.007103593914664 -76.4477485794999
1696 87H52H42+RWF 41.007052209793976 -76.44770782772466
1697 87H52H42+RW7 41.00702699100559 -76.44768842552779
1698 87H52H42+QXC 41.00692794673224 -76.44761588279691
1699 87H52H42+PXW 41.0068553788293 -76.44755883317629
1700 87H52H43+Q22 41.00687893663732 -76.44748430183468
1701 87H52H42+MXR 41.00672981517105 -76.44760669984117
1702 87H52H42+PX4 41.00676329908395 -76.44754955842325
1703 87H52H42+QW5 41.00688581868551 -76.44764138116481
1704 87H52H42+QWV 41.00698432747928 -76.44771412149856
1705 87H52H42+QVP 41.00696162879515 -76.44778565635124
1706 87H52H42+RV9 41.00703421697028 -76.44775006591316
1707 87H52H42+RV7 41.007041157932626 -76.4478401371345
1708 87H52H42+RVW 41.007106971496086 -76.44780360165291
1709 87H52H42+RRX 41.00710023799649 -76.44787766617068
1710 87H52H42+RVR 41.00711026165749 -76.44785367993546
1711 87H52H42+VV6 41.00715128339657 -76.44786878163858
1712 87H52H42+VVC 41.00718620220164 -76.44786699648631
1713 87H52H42+VRQ 41.00720219259856 -76.44787564131548
1714 87H52H42+VRX 41.00722560571914 -76.4478960926198
1715 87H52H42+WR5 41.00725619108616 -76.44790011716618
1716 87H52H42+WV4 41.00727094334988 -76.44780357181946
1717 87H52H42+WV8 41.00729017101331 -76.44780068699167
1718 87H52H42+WWP 41.00732996475527 -76.44766427848955
1719 87H52H42+WWC 41.00731950728765 -76.44772938218772
1720 87H52H53+228 41.00753339148552 -76.44743553336765
1721 87H52H43+X38 41.007405787837584 -76.44728127982921
1722 87H52H43+X33 41.007390933077545 -76.44732044611206

Stairs
1639 87H52H42+PX9 41.006791903564455 -76.4475096444885
1640 87H52H42+VVV 41.00723073341936 -76.44782408196845
1641 87H52H43+W2C 41.007309500366325 -76.44748286574507
1642 87H52H43+Q48 41.006905819291156 -76.44718057397105
********
Total # of nodes: 85 **********

***********Edges************

Total # of Edges: 0