
***********Nodes************

Elevator
1723 87H52H42+PXH 41.006811726124845 -76.44752505158372
1724 87H52H42+WXF 41.0073042873183 -76.44757392270257

Point
1725 87H52H42+PX8 41.006786202248094 -76.44753842298752
1726 87H52H42+QW9 41.00691943662895 -76.44764379779197
1727 87H52H42+RVH 41.00706958943216 -76.44775788343324
1728 87H52H42+VV7 41.007156127465706 -76.4478302024658
1729 87H52H42+VRQ 41.00722439561628 -76.4478755491756
1730 87H52H42+WW6 41.007283802541515 -76.44774186112735
1731 87H52H42+WXV 41.00735291556125 -76.44758119704356
1732 87H52H42+WX9 41.00729637368303 -76.44750899338739
1733 87H52H43+V2P 41.00721356949263 -76.44743524157182
1734 87H52H43+R3M 41.00708823472089 -76.44734024980316
1735 87H52H43+Q3X 41.00698818703152 -76.44726327762925
1736 87H52H43+Q47 41.00691948695809 -76.44720468231762
1737 87H52H42+WV8 41.007294730148494 -76.44778327665654
1738 87H52H42+WWQ 41.00734822051444 -76.44765364754133
1739 87H52H42+XXG 41.007431525933384 -76.44753404048156
1740 87H52H43+X22 41.007388577500045 -76.44749246272296
1741 87H52H43+W23 41.00727255786673 -76.44745215405786
1742 87H52H43+W23 41.007260095081655 -76.447449092634
1743 87H52H43+W28 41.00727918821097 -76.44740690492695
1744 87H52H43+W25 41.00726835473558 -76.44739857014022
1745 87H52H43+V2W 41.00723091666217 -76.44742804269296
1746 87H52H43+V29 41.00717226714246 -76.44738198798974
1747 87H52H43+R3G 41.00705632134938 -76.44729371694426
1748 87H52H43+Q4R 41.00699812291179 -76.4472489416947
1749 87H52H43+R43 41.007024682213974 -76.44718965404331
1750 87H52H43+Q4J 41.00696874535147 -76.44722680613224
1751 87H52H43+Q4F 41.00693916261982 -76.4472059113374
1752 87H52H43+Q4P 41.00695663850048 -76.44716434421517
1753 87H52H43+Q43 41.006897530684405 -76.44721397529882
1754 87H52H43+Q3W 41.00698313189145 -76.44728309644174
1755 87H52H43+R34 41.00700324645507 -76.44729484203279
1756 87H52H43+V25 41.007130728746944 -76.4473929211509
1757 87H52H43+V2J 41.00722234639236 -76.44747832621292
1758 87H52H42+WXJ 41.00733053185771 -76.44759978809363
1759 87H52H42+WWH 41.007312259413744 -76.44763701273023
1760 87H52H42+WW8 41.00729665272302 -76.4476781530999
1761 87H52H42+WW7 41.0072787785607 -76.44771754897931
1762 87H52H42+WV5 41.00725923434928 -76.44775845723272
1763 87H52H42+VVW 41.00724161212825 -76.44779804694438
1764 87H52H42+WV6 41.007283630574676 -76.4478714001433
1765 87H52H42+RVP 41.00708701179784 -76.44779984897673
1766 87H52H42+QWR 41.00698391501047 -76.44772146337597
1767 87H52H42+QW5 41.00688823012138 -76.4476469153321
1768 87H52H42+PX7 41.00679139112678 -76.44756961454868
1769 87H52H42+PW5 41.00675603652742 -76.44763285822731
1770 87H52H42+MXX 41.00674309532193 -76.44752220141157
1771 87H52H42+PXP 41.006835080962446 -76.44754355320231
1772 87H52H42+PXV 41.006860116689886 -76.44756561179472
1773 87H52H42+QXC 41.00692701541063 -76.44762360752937
1774 87H52H42+QWW 41.00698049182523 -76.447659155399
1775 87H52H42+RW4 41.00700604349627 -76.44767694887784
1776 87H52H42+WQH 41.00730151648926 -76.44802985833006
1777 87H52H42+WR5 41.00725444774391 -76.44790496599897
********
Total # of nodes: 55 **********

***********Edges************

Total # of Edges: 0