
***********Nodes************

Entrance
1501    87H52H43+P2F    41.00680908492301    -76.44746664088635
1502    87H52H43+M2R    41.00673798858072    -76.44749371964409
1503    87H52H43+Q44    41.0068906877575    -76.44718369995128

Elevator
1508    87H52H42+PXH    41.00681108301962    -76.44751280415835
1509    87H52H42+WXF    41.0073069413325    -76.44756680428745

Point
1510    87H52H42+PX5    41.00677176830157    -76.44752290539807
1511    87H52H42+QX2    41.00689137230055    -76.44761349586507
1512    87H52H42+RW6    41.00704888010316    -76.44773759913083
1513    87H52H42+VRQ    41.007224505925734    -76.44788176643014
1514    87H52H42+WW6    41.00728862470289    -76.44773917540307
1515    87H52H42+WXV    41.007353357444245    -76.44758321766436
1516    87H52H43+W26    41.00728406405122    -76.44748752835368
1517    87H52H43+V2G    41.00718615070609    -76.44741332102237
1518    87H52H43+R3F    41.00706537244772    -76.44732124574172
1519    87H52H43+Q4F    41.006932628923614    -76.4472175123692
1520    87H52H42+PXP    41.00684952250418    -76.44754807258641
1521    87H52H42+PX4    41.00675833278975    -76.44754950585089
1522    87H52H42+MXJ    41.00671941573452    -76.44760510154848
1523    87H52H42+PW5    41.0067659236024    -76.44763106057935
1524    87H52H42+PXJ    41.00683428898114    -76.44760371395112
1525    87H52H42+QWF    41.00694406526463    -76.44769180715959
1526    87H52H42+QWV    41.006975924415954    -76.4477143959706
1527    87H52H42+RVH    41.00705457901198    -76.4477781689147
1528    87H52H42+RVV    41.00711883012372    -76.44782607065393
1529    87H52H42+WV3    41.00726577243391    -76.44783100840084
1530    87H52H42+XX5    41.007386959590725    -76.44750579744543
1531    87H52H43+W2V    41.00737393274584    -76.44745741180037
1532    87H52H43+W2R    41.0073637215735    -76.44748138608554
1533    87H52H43+W2M    41.007344689532154    -76.44746026151546
1534    87H52H43+W23    41.007259446497365    -76.4474468112887
1535    87H52H43+V2H    41.0071987916999    -76.44738926489555
1536    87H52H43+V3J    41.00721637466786    -76.44735916902646
1537    87H52H43+V29    41.00717065596766    -76.44737701940598
1538    87H52H43+R3V    41.00710964866774    -76.44733218605235
1539    87H52H43+R3G    41.007051913195355    -76.4472866623654
1540    87H52H43+Q4R    41.00699235438653    -76.44724052560075
1541    87H52H43+Q4F    41.00694505990493    -76.44720397288198
1542    87H52H43+Q4F    41.00693295935528    -76.44719532860283
1543    87H52H43+Q46    41.00691889335385    -76.44722695515811
1544    87H52H43+Q34    41.00689778783642    -76.44728839313167
1545    87H52H43+Q3H    41.00694875933275    -76.44725191770321
1546    87H52H43+Q3Q    41.0069625895075    -76.44726069593787
1547    87H52H43+R34    41.00700690564549    -76.44729857422587
1548    87H52H43+R3C    41.00706508795323    -76.44734444709549
1549    87H52H43+R2X    41.00711655508649    -76.44738441276937
1550    87H52H43+V28    41.00715473778819    -76.44741222145969
1551    87H52H43+V2F    41.00719565921837    -76.44744338802123
1552    87H52H43+V2J    41.007224206412516    -76.44746934944651
1553    87H52H43+W22    41.007253308427046    -76.44749330909542
1554    87H52H42+WXJ    41.00732951061536    -76.44760034706002
1555    87H52H42+WWH    41.0073094204058    -76.44764471925865
1556    87H52H42+WW7    41.00729237860609    -76.4476882265326
1557    87H52H42+WW7    41.00727732522261    -76.44771867560037
1558    87H52H42+VVW    41.007249020692335    -76.44779072348541

Stairs
1504    87H52H43+P26    41.006789972056666    -76.44749896925659
1505    87H52H42+VVV    41.00722957515981    -76.44782966168945
1506    87H52H43+W2C    41.007312470301535    -76.44747855219319
1507    87H52H43+Q48    41.006907990842876    -76.44716246883891
********
Total # of nodes: 58 **********

***********Edges************

Total # of Edges: 0