
***********Nodes************

Entrance
1565    87H52H42+RRW    41.007114858532    -76.44791789632349
1566    87H52H43+W3R    41.00735030204207    -76.44737330484054
1567    87H52H42+XXM    41.00747315592011    -76.44757584502266
1568    87H52H43+W45    41.00726965770889    -76.44713397278856

Point
1563    87H52H42+PXH    41.00681521703127    -76.44751354655327
1564    87H52H42+WXG    41.00730944096118    -76.44756241540554
1571    87H52H42+PXG    41.00680163375538    -76.44753721309209
1572    87H52H42+QWP    41.006955000498856    -76.44765752159537
1573    87H52H42+VV7    41.00715777670748    -76.447817232544
1574    87H52H42+VVR    41.00722844538091    -76.44786419364715
1575    87H52H42+WWG    41.0073069840283    -76.44768431480959
1576    87H52H42+WXV    41.00735757914985    -76.44756535351763
1577    87H52H43+X25    41.00739187269076    -76.44739819864654
1578    87H52H53+222    41.0075137102956    -76.4474928610202
1579    87H52H42+WX9    41.007295331707944    -76.4475044988273
1580    87H52H43+V2H    41.00717531228082    -76.44740104902627
1581    87H52H43+R3G    41.00705780557147    -76.44731110768228
1582    87H52H43+Q4F    41.00693077992807    -76.44721291687746
1583    87H52H42+VR9    41.00715080802059    -76.44790506001705
1584    87H52H42+VR9    41.0071616972443    -76.44787906074643
1585    87H52H42+VRG    41.00719410568796    -76.44790654077993
1586    87H52H42+VRP    41.00721633602725    -76.44792237057875
1587    87H52H42+WR5    41.00726006067631    -76.44790062526687
1588    87H52H42+VV5    41.00714553488312    -76.44777941056644
1589    87H52H42+VV5    41.00712552028052    -76.4477659220655
1590    87H52H42+RWR    41.007103013555536    -76.44774860640773
1591    87H52H42+QWW    41.00699920623494    -76.44766746852305
1592    87H52H42+PXV    41.006863265305974    -76.44756351832172
1593    87H52H42+PXF    41.00681531414721    -76.44758646821889
1594    87H52H42+PWX    41.006866766742775    -76.44762859996281
1595    87H52H42+QW5    41.00689758519353    -76.44764912723632
1596    87H52H42+RW2    41.00700991075397    -76.4477361820599
1597    87H52H42+RVW    41.00710187700489    -76.4478063001299
1598    87H52H42+WV4    41.007272795421834    -76.44780365470909
1599    87H52H42+WVG    41.00730521471826    -76.44780886173731
1600    87H52H42+WVG    41.00731935069861    -76.44780191223826
1601    87H52H42+WW6    41.007294854906135    -76.44774359645311
1602    87H52H42+WWP    41.00733078018667    -76.44766237540755
1603    87H52H42+XX2    41.00739641707378    -76.44759613635182
1604    87H52H42+XX5    41.007390782018966    -76.44751559231626
1605    87H52H42+XX3    41.007385571400874    -76.4475717482485
1606    87H52H43+W28    41.00729092464222    -76.44742723498388
1607    87H52H43+W28    41.007290824353426    -76.44740910840227
1608    87H52H43+V2W    41.00723374679629    -76.44742385613532
1609    87H52H43+V2Q    41.007203639663025    -76.44740269855821
1610    87H52H43+V33    41.00714346652962    -76.4473416204136
1611    87H52H43+R3X    41.007117952763856    -76.44726033533915
1612    87H52H43+R3P    41.00709894390227    -76.4473060548864
1613    87H52H43+R3G    41.007057480119656    -76.44729186420815
1614    87H52H43+R42    41.00700097013958    -76.44724773206735
1615    87H52H43+Q4G    41.00694161888324    -76.44717517740868
1616    87H52H43+Q47    41.006900271925396    -76.44721420566079
1617    87H52H43+Q42    41.006877996235055    -76.44722592797567
1618    87H52H43+Q3Q    41.00695878006382    -76.44725921918018
1619    87H52H43+R34    41.00701700343566    -76.44730270178462
1620    87H52H43+R3C    41.00707422692961    -76.44734738287079
1621    87H52H43+R2X    41.00712317302356    -76.44738700752761
1622    87H52H43+V2G    41.00718232428292    -76.4474305480926
1623    87H52H43+V27    41.007159394289786    -76.44746669175628
1624    87H52H43+V2J    41.00720092047831    -76.44749929604455
1625    87H52H43+W22    41.007258692376396    -76.44748814305042
1626    87H52H42+WWH    41.007312511557544    -76.44763449537072
1627    87H52H42+WW8    41.0072945761616    -76.4476744816519
1628    87H52H42+WW7    41.00727735587694    -76.44771173853638
1629    87H52H42+WV5    41.007259062126636    -76.44775472868693
1630    87H52H42+VWM    41.007221263462306    -76.44768957282034
1631    87H52H53+226    41.00753685017124    -76.44748962889327
1632    87H52H43+X2M    41.007473133061985    -76.44744126374117
1633    87H52H43+X29    41.007416771854835    -76.44738478368963
1634    87H52H53+23R    41.007608073445915    -76.44736798394302
1635    87H52H43+X3X    41.00749377363353    -76.44726955220202
1636    87H52H43+V3G    41.007196058800375    -76.44730614910776
1637    87H52H43+V4R    41.00722671423182    -76.4472359382809

Stairs
1569    87H52H53+23F    41.007572738741445    -76.44731516348858
1570    87H52H43+X47    41.007419778854256    -76.44720714614759
********
Total # of nodes: 75 **********

***********Edges************

Total # of Edges: 0