
***********Nodes************

Elevator
950 87H52H52+4PM 41.007827526853255 -76.44820887237813

Point
898 87H52H52+3RR 41.00773151504196 -76.44799871138308
899 87H52H52+4QQ 41.00784921048415 -76.44800376080761
900 87H52H52+3RH 41.00768670544355 -76.44787678814461
901 87H52H52+4VC 41.00780913960956 -76.44786116861206
902 87H52H52+2VV 41.00762306593827 -76.44782273312204
903 87H52H52+3WX 41.007745472612044 -76.44764854856184
904 87H52H52+5R9 41.0079227042793 -76.44789820512534
905 87H52H52+4PQ 41.00783152531996 -76.44814841227225
906 87H52H52+2RM 41.00759888782019 -76.4479656719521
907 87H52H52+3R2 41.007644487599684 -76.4479838753406
908 87H52H52+3Q5 41.0076257795424 -76.44801728493344
909 87H52H52+3Q8 41.007660350579435 -76.44804173086852
910 87H52H52+3Q3 41.00764541760465 -76.44807133048616
911 87H52H52+3QR 41.007747204969114 -76.4481126664664
912 87H52H52+4Q6 41.00779790646264 -76.4480969353115
913 87H52H52+4P9 41.00778237283673 -76.44813012832468
914 87H52H52+4QV 41.00785859893105 -76.44809311743664
915 87H52H52+5Q4 41.007887657132876 -76.44805496485627
916 87H52H52+4QW 41.007871606159206 -76.44803151599399
917 87H52H52+4QW 41.00786127893789 -76.44805660306912
918 87H52H52+5Q2 41.0078773432809 -76.44810445373045
919 87H52H52+5Q2 41.007897665297634 -76.44809467061663
920 87H52H52+5Q8 41.00791847181332 -76.44804529345812
921 87H52H52+5R3 41.0078970600775 -76.44796004307211
922 87H52H52+5R7 41.00792304089744 -76.44794115431421
923 87H52H52+5RM 41.007950038846246 -76.44795287611214
924 87H52H52+5RQ 41.00797272908264 -76.44789820328477
925 87H52H52+5V6 41.00792097225486 -76.4478494170712
926 87H52H52+5WC 41.00793718601472 -76.44774900471022
927 87H52H52+5V8 41.007919015943926 -76.44779028979606
928 87H52H52+4VR 41.00787206889417 -76.44785097735819
929 87H52H52+4VM 41.00783438609041 -76.44781527911421
930 87H52H52+4VG 41.00781698938251 -76.44780500141381
931 87H52H52+4WC 41.007815411343934 -76.4477461712774
932 87H52H52+4VW 41.00786685256399 -76.44778319146369
933 87H52H52+4VX 41.00787210635107 -76.44775005391203
934 87H52H52+5W3 41.00788869302672 -76.44771226779729
935 87H52H52+4WV 41.00785443759741 -76.44769958788947
936 87H52H52+3VX 41.00774436491044 -76.44775134145854
937 87H52H52+4V5 41.00775912899399 -76.44777310191287
938 87H52H52+4W9 41.00779210060524 -76.4476526538352
939 87H52H52+3WJ 41.00772479753069 -76.44774748909455
940 87H52H52+3WG 41.00769523497874 -76.4476734520545
941 87H52H52+3W8 41.00766992893618 -76.4476874505721
942 87H52H52+3V9 41.00767469286775 -76.44775623617264
943 87H52H52+3VF 41.007678189011884 -76.44784028677155
944 87H52H52+3V6 41.00766846626223 -76.44786517113239
945 87H52H52+3R4 41.00763890063822 -76.44792257366989
946 87H52H52+3V2 41.007626126501975 -76.44785562636326
947 87H52H52+2VJ 41.00759490489259 -76.44785210492783
948 87H52H52+2RX 41.00760401399348 -76.44788636170752
949 87H52H52+3QP 41.0077093515202 -76.44804625763199

Stairs
951 87H52H52+4R6 41.007778593715805 -76.44798275716747
952 87H52H52+4PV 41.00785690830387 -76.44818926718756
953 87H52H52+6V3 41.00801418712779 -76.44783718181712
954 87H52H52+2RF 41.00755800474866 -76.44794837604134
955 87H52H52+3XJ 41.0077205908472 -76.44761062265694
********
Total # of nodes: 58 **********

***********Edges************

Total # of Edges: 0