
***********Nodes************

Bathroom
812 87H52H52+4M8 41.00778355458974 -76.44831065894394
813 87H52H52+4M8 41.00777772544041 -76.44830510727998
814 87H52H52+4M4 41.007772736000796 -76.44830021393142
815 87H52H52+4M4 41.007766626948225 -76.448294442829
816 87H52H52+4M4 41.007761193244406 -76.44828969205085
817 87H52H52+4M4 41.00775615498611 -76.4482857421585

Entrance
800 87H52H52+3P2 41.00763136656595 -76.44823122410548

Elevator
810 87H52H52+4PM 41.00783316879793 -76.44819051536632

Point
801 87H52H52+3P8 41.007663643384596 -76.44816216502666
802 87H52H52+3QM 41.00770678568794 -76.44806296342747
803 87H52H52+4QJ 41.007825422275644 -76.44811179429807
804 87H52H52+4R9 41.00778602557446 -76.44789094350641
805 87H52H52+4WJ 41.0078445653641 -76.44774294602135
806 87H52H52+5VF 41.00794218487077 -76.44781800514153
807 87H52H52+3WW 41.00774714602825 -76.4476724616119
808 87H52H52+3VF 41.007676457807634 -76.44783400560675
809 87H52H52+3R6 41.00767201600984 -76.44798956343816
818 87H52H52+4Q8 41.007780043971614 -76.44804922107818
819 87H52H52+5V7 41.007901605476775 -76.44782546088263
820 87H52H52+4RX 41.0078627755848 -76.44789760972344
821 87H52H52+5Q5 41.007880632603054 -76.44801125476518
822 87H52H52+5RC 41.00792895486698 -76.44798925296645
823 87H52H52+3WJ 41.007703753055935 -76.44773710617393
824 87H52H52+3WV 41.00772623959339 -76.44769092277319
825 87H52H52+3WR 41.007741759606 -76.44772027040726
826 87H52H52+3WR 41.00773189794854 -76.44774199094014
827 87H52H52+3VH 41.00768611761478 -76.44777678458047
828 87H52H52+3VP 41.00770895413807 -76.44779419708713
829 87H52H52+3VG 41.00767679785887 -76.44779647563048
830 87H52H52+3VM 41.00770110062195 -76.44781651023304
831 87H52H52+3V4 41.00764604920859 -76.44778562265472
832 87H52H52+2VX 41.00761495127427 -76.44778087708637
833 87H52H52+3V6 41.00765295796671 -76.44784847013213
834 87H52H52+3V3 41.00762930775136 -76.44781863895844
835 87H52H52+3RX 41.00774092563656 -76.44788209275471
836 87H52H52+3VJ 41.007700123270716 -76.44787415688968
837 87H52H52+3RQ 41.007715700214725 -76.44788833235609
838 87H52H52+3RJ 41.00770785984981 -76.4479891941386
839 87H52H52+3RF 41.00768232654987 -76.44796235206168
840 87H52H52+3RF 41.00769215729358 -76.44794404334482
841 87H52H52+3R8 41.007666313454386 -76.44793409045425
842 87H52H52+3R3 41.00764379921979 -76.44796110842395
843 87H52H52+3R3 41.007630692586254 -76.44794985135994
844 87H52H52+3Q5 41.00763817360026 -76.44802198303606
845 87H52H52+3WC 41.007675525495976 -76.44773073162061
846 87H52H52+4V7 41.007792422516246 -76.44781599527516
847 87H52H52+4V9 41.00779994073485 -76.44775513182871
848 87H52H52+4W6 41.00778479504621 -76.44774669396772
849 87H52H52+2RJ 41.007599462324805 -76.44798770726474
850 87H52H52+3PG 41.00768186312838 -76.44818238692687
851 87H52H52+3P5 41.00763749196066 -76.44815054601833
852 87H52H52+4QW 41.007871724942156 -76.44805929578413
853 87H52H52+5V5 41.00788212639454 -76.44775133354844
854 87H52H52+4WR 41.00786710925701 -76.44773759695896


********
Total # of nodes: 54 **********

***********Edges************

Total # of Edges: 0