
***********Nodes************

Bathroom
3069    87H52H52+2V6    41.00753234928132    -76.44784955291327
3070    87H52H52+4RH    41.00782072160042    -76.44790159100214
3071    87H52H52+4XJ    41.00783812963554    -76.44761840608597
3072    87H52H52+3WW    41.00772991755995    -76.44768122001231
3073    87H52H52+4X8    41.00779429803434    -76.44754474682964
3074    87H52H53+42F    41.00782096842938    -76.44746056612797
3075    87H52H53+53J    41.00795761323913    -76.44736922196726
3076    87H52H53+527    41.00791563365588    -76.44746180214291
3077    87H52H52+5WG    41.00792682271194    -76.44767036339702
3078    87H52H52+5V9    41.00791913990975    -76.44778015534463
3079    87H52H53+54P    41.007961684500316    -76.44717230916719
3080    87H52H53+54G    41.00793939442699    -76.44715804483315
3081    87H52H53+36G    41.00769851187932    -76.44692670346744
3082    87H52H53+345    41.00764628231077    -76.44714375065821
3083    87H52H53+357    41.007665794111674    -76.44707662936386
3084    87H52H53+34Q    41.007709916702886    -76.44714773500041
3085    87H52H53+34G    41.0076981967822    -76.44717322317861
3086    87H52H53+24J    41.007591866790996    -76.4472354882382
3087    87H52H53+338    41.00765126956892    -76.4472820944128
3088    87H52H53+23Q    41.00758304304708    -76.44725810798764
3089    87H52H53+334    41.00764102068204    -76.44730372651175
3090    87H52H53+246    41.00754247942946    -76.44723635937325
3091    87H52H43+X4J    41.00746418164023    -76.44724671927773
3092    87H52H53+236    41.00754422218669    -76.44737438938247
3093    87H52H53+233    41.00750370646687    -76.44732152185557
3094    87H52H53+32W    41.00772602859152    -76.44741243228204
3095    87H52H53+324    41.00762987685862    -76.44742780115831
3096    87H52H53+327    41.007651394726714    -76.44744110811043
3097    87H52H52+3W5    41.00763054518789    -76.44764889587078
3098    87H52H52+3X2    41.00764949110361    -76.44760719380386
3099    87H52H52+2XV    41.00760903173741    -76.44757189472097
3100    87H52H52+2XW    41.007619243790685    -76.44755138037338
3101    87H52H52+2XH    41.00756636039066    -76.4475099952188
3102    87H52H52+2X8    41.00753271715695    -76.44755430743747
3103    87H52H52+2X4    41.00750901376438    -76.44753581590724
3104    87H52H42+XX2    41.00739428424847    -76.44760579707382
3105    87H52H42+XWH    41.007447837623566    -76.44762573893107
3106    87H52H52+2W4    41.00752196766261    -76.44768353121383
3107    87H52H52+2QQ    41.00759032621854    -76.44800634414948
3108    87H52H52+2RR    41.00761016401838    -76.44798393913014
3109    87H52H52+2R5    41.007509898471376    -76.44788997791339
3110    87H52H53+434    41.00776771687654    -76.44728353199356
3111    87H52H53+44F    41.00781064085093    -76.44718894350281
3112    87H52H53+448    41.00778694229556    -76.44717144442309
3113    87H52H53+24Q    41.00757960616414    -76.44713162629235

Entrance
2994    87H52H42+XQJ    41.00747460033801    -76.44810086059441

Elevator
3001    87H52H52+4QX    41.00785138179083    -76.44801327766454

Point
3002    87H52H52+2R7    41.00753696099038    -76.4479637685958
3003    87H52H52+2R8    41.007549516172965    -76.44793618875022
3004    87H52H52+2RG    41.00755444307251    -76.44792502058901
3005    87H52H52+2RH    41.00757364177301    -76.44788247655924
3006    87H52H52+3W8    41.00766255088589    -76.44768716166044
3007    87H52H52+3W8    41.00766677552365    -76.44767740762246
3008    87H52H52+2XC    41.00755476346491    -76.44761067801869
3009    87H52H52+2XC    41.00756200688657    -76.44759491889361
3010    87H52H52+2XP    41.00758228467947    -76.44755040797979
3011    87H52H52+2XQ    41.00759167582165    -76.4475297672177
3012    87H52H52+2X3    41.007519594160684    -76.44758291358644
3013    87H52H42+XXV    41.007496186571636    -76.44756389461041
3014    87H52H42+XXV    41.00749049658333    -76.44757651412903
3015    87H52H42+XXV    41.00747508160014    -76.44756435601757
3016    87H52H42+XXP    41.00745363527868    -76.44754774857543
3017    87H52H42+XXF    41.007435304966506    -76.44758736012162
3018    87H52H42+XX7    41.00741069193539    -76.44756814267232
3019    87H52H42+WXQ    41.00734773455503    -76.44751852341406
3020    87H52H42+WXC    41.00731293382187    -76.44759440434024
3021    87H52H52+4V5    41.00775159888097    -76.4477569129026
3022    87H52H52+4VV    41.00785135683637    -76.44783563134818
3023    87H52H52+5V2    41.00789310564916    -76.44786842667543
3024    87H52H52+4RW    41.00786301428539    -76.44793479501938
3025    87H52H52+5R3    41.00788074224714    -76.4479485406595
3026    87H52H52+5RC    41.00793394352227    -76.44799044295162
3027    87H52H52+5Q7    41.00790092321004    -76.44806319734067
3028    87H52H52+5VG    41.007929710829195    -76.44778821562927
3029    87H52H52+5W7    41.00791594136899    -76.44769399567045
3030    87H52H52+5WF    41.00794692754259    -76.44771873998572
3031    87H52H52+4XC    41.00782086114563    -76.44760477856164
3032    87H52H53+523    41.00788987793526    -76.44745226863701
3033    87H52H52+3WH    41.007682181053916    -76.44764382978039
3034    87H52H52+3WH    41.00768863962653    -76.4476291384437
3035    87H52H52+3XX    41.007744887576735    -76.44750559643535
3036    87H52H53+422    41.00775743192762    -76.44747781840155
3037    87H52H53+428    41.00778008316637    -76.44742810676361
3038    87H52H53+42H    41.007800912680736    -76.44738211544167
3039    87H52H53+43M    41.00782514500784    -76.44732887762316
3040    87H52H53+543    41.00788064652102    -76.44720659677027
3041    87H52H53+544    41.0078947677661    -76.44717542639783
3042    87H52H53+35P    41.00772305602915    -76.44704034818628
3043    87H52H53+366    41.00766714654956    -76.44699596148145
3044    87H52H53+36F    41.00768352333508    -76.44696014581267
3045    87H52H53+26W    41.0076232953186    -76.44691256999788
3046    87H52H53+377    41.007655910418045    -76.44684031085724
3047    87H52H53+35C    41.0076958355029    -76.44710026084131
3048    87H52H53+34H    41.0076837262329    -76.44712727202013
3049    87H52H53+349    41.00767237890042    -76.44715286404407
3050    87H52H53+347    41.00765499439353    -76.44719113025589
3051    87H52H53+344    41.007632550739494    -76.44717354042032
3052    87H52H53+23X    41.007623447733884    -76.44726008908502
3053    87H52H53+23W    41.00761342049902    -76.44728206735728
3054    87H52H53+23M    41.0075861852826    -76.4473425722172
3055    87H52H53+23F    41.00756571630798    -76.44732665383488
3056    87H52H53+325    41.007647073345716    -76.44739052364316
3057    87H52H53+328    41.00766743950255    -76.44740643403468
3058    87H52H53+32M    41.00771252791385    -76.44744210090845
3059    87H52H53+234    41.00751803155054    -76.44728933998717
3060    87H52H53+33X    41.00774462901458    -76.4472651646053
3061    87H52H53+547    41.00792161201034    -76.44719662579446
3062    87H52H53+54F    41.00794285016959    -76.44721332182426
3063    87H52H53+53W    41.007991576608745    -76.44729379572054
3064    87H52H53+635    41.00800596201483    -76.44726320188404
3065    87H52H53+732    41.00814600428545    -76.44737350372665
3066    87H52H53+737    41.008161712147874    -76.44733934070963
3067    87H52H53+72Q    41.00820998839782    -76.44737728837421
3068    87H52H53+73W    41.008245547309876    -76.44729881956293

Stairs
2995    87H52H42+WXJ    41.007331638582095    -76.44760960300079
2996    87H52H52+5Q4    41.007880083513164    -76.44804683483424
2997    87H52H53+73W    41.0082279943794    -76.44728536105198
2998    87H52H53+37C    41.0076765555075    -76.44685641541089
2999    87H52H52+3X8    41.007672706091824    -76.44754815279535
3000    87H52H53+522    41.00787699928567    -76.44748084774507
********
Total # of nodes: 120 **********

***********Edges************

3075 3076
3078 3028
3097 3098
3097 3009
3110 3111
3110 3060
2994 3002
3002 3107
3002 3003
3003 3004
3003 3108
3004 3109
3004 3005
3005 3069
3005 3006
3006 3007
3006 3021
3007 3097
3007 3033
3008 3012
3008 3106
3009 3008
3009 3010
3010 3011
3010 3099
3011 3100
3011 3101
3012 3102
3012 3013
3013 3103
3013 3014
3014 3015
3015 3105
3015 3016
3016 3017
3017 3018
3018 3104
3018 3019
3019 3020
3020 2995
3021 3022
3022 3029
3023 3022
3023 3024
3024 3025
3024 3070
3025 3001
3025 3026
3026 3027
3027 2996
3028 3023
3029 3077
3029 3030
3030 3078
3031 3071
3031 3021
3032 3000
3033 3034
3033 3072
3034 2999
3034 3035
3035 3036
3035 3073
3036 3037
3036 3058
3037 3038
3037 3074
3038 3032
3039 3038
3039 3110
3040 3039
3041 3040
3041 3061
3042 3043
3042 3041
3043 3044
3044 3081
3044 3045
3045 3046
3046 2998
3047 3083
3047 3042
3048 3047
3048 3084
3049 3048
3049 3085
3050 3049
3050 3051
3051 3082
3051 3113
3052 3087
3052 3086
3052 3050
3053 3052
3053 3088
3053 3089
3054 3055
3054 3053
3055 3092
3055 3059
3056 3095
3056 3054
3057 3056
3057 3096
3058 3094
3058 3057
3059 3090
3059 3093
3059 3091
3060 3112
3061 3080
3061 3062
3062 3079
3062 3064
3063 3040
3063 3075
3064 3063
3064 3065
3065 3066
3066 3067
3067 3068
3068 2997
3000 3031
Total # of Edges: 123