
***********Nodes************

Bathroom
3318    87H52H52+3R2    41.00764115316567    -76.44798583136998
3341    87H52H52+3QP    41.00770299493157    -76.44803975881416
3342    87H52H52+3Q5    41.00762948780212    -76.4480116032351
3343    87H52H52+3Q8    41.00766138084288    -76.44803653245215
3344    87H52H52+3Q4    41.00764743158415    -76.4480537801387
3345    87H52H52+3QF    41.00769476694923    -76.44807847078751
3346    87H52H52+3QR    41.007748209845744    -76.44810249769068
3347    87H52H52+4QF    41.00780216150286    -76.4480857626892
3348    87H52H52+4Q7    41.0077758793122    -76.44806976173831
3349    87H52H52+4P9    41.00778327022341    -76.44812823113632
3350    87H52H52+4QJ    41.00784485631484    -76.44809514482078
3351    87H52H52+5Q5    41.00788618358781    -76.44803046565382
3352    87H52H52+4QX    41.00786319588698    -76.4480284772456
3353    87H52H52+4QW    41.007857007800425    -76.44804208851149
3354    87H52H52+4QR    41.00787171054175    -76.44810134104583
3355    87H52H52+5Q3    41.00789831368049    -76.44809218474147
3356    87H52H52+5Q8    41.00791933730884    -76.44804551280572
3357    87H52H52+5R2    41.007890779246566    -76.44798088892861
3358    87H52H52+5RF    41.00792630472121    -76.44794463898904
3359    87H52H52+5RM    41.00795506956899    -76.44794714467658
3360    87H52H52+5RQ    41.007970351838274    -76.4478863709469
3361    87H52H52+6V4    41.00800122189704    -76.44779482072909
3362    87H52H52+5WC    41.00792994254194    -76.44774926573999
3363    87H52H52+5V8    41.007913814216984    -76.44778642987673
3364    87H52H52+5V3    41.007899178606266    -76.44782489583937
3365    87H52H52+4VR    41.007872327656166    -76.44784656983427
3366    87H52H52+4VM    41.0078328303925    -76.44782838532713
3367    87H52H52+4VG    41.00780412008379    -76.44780583715954
3368    87H52H52+4V5    41.00776625859626    -76.44777660936936
3369    87H52H52+4WC    41.007818623658636    -76.44773629707446
3370    87H52H52+4VX    41.00786973223891    -76.44777653609017
3371    87H52H52+4WR    41.007869414074705    -76.44774975107813
3372    87H52H52+5W3    41.00788628060373    -76.44771503024609
3373    87H52H52+4WM    41.007848481738314    -76.44769932672496
3374    87H52H52+4W7    41.00777556055091    -76.4477180311976
3375    87H52H52+4W9    41.00779394936749    -76.44764840076081
3376    87H52H52+3XR    41.00774652825878    -76.44759692281984
3377    87H52H52+3WJ    41.00771560022372    -76.44773285235341
3378    87H52H52+3WP    41.00771195474023    -76.44768387592075
3379    87H52H52+3WG    41.00769909133431    -76.44767516489513
3380    87H52H52+3W8    41.00766573647248    -76.44767297263026
3381    87H52H52+3VH    41.00768079852893    -76.44775691938548
3382    87H52H52+3V7    41.00767058932802    -76.44783293555143
3383    87H52H52+3V6    41.007666899977984    -76.44785651882114
3384    87H52H52+2RX    41.0076146898961    -76.44790129857141
3385    87H52H52+3V2    41.00762915202402    -76.44785695105713
3386    87H52H52+3W2    41.00763262345514    -76.44774451581709
3387    87H52H52+2VJ    41.007588329109836    -76.44784817316112
3388    87H52H52+2RX    41.00760401343472    -76.44788765985598
3389    87H52H52+2RC    41.007572659826884    -76.44797833302161

Elevator
3247    87H52H52+4PF    41.00782316315707    -76.44819909867412

Point
3248    87H52H52+6V8    41.00803361712961    -76.44779289226767
3249    87H52H52+6V3    41.00801384127341    -76.44783572838179
3250    87H52H52+5VV    41.00799066111092    -76.44781771056778
3251    87H52H52+5VW    41.007978491360205    -76.44780821809397
3252    87H52H52+5VM    41.00796342362506    -76.44784131112027
3253    87H52H52+5VC    41.007935556053845    -76.44785127588574
3254    87H52H52+5R9    41.00791423266116    -76.44789774712186
3255    87H52H52+5R8    41.00790169150798    -76.44792507093113
3256    87H52H52+5R8    41.00790758739766    -76.44792989651789
3257    87H52H52+5RG    41.007933162553854    -76.44792985990651
3258    87H52H52+5RH    41.00794587734232    -76.44790187149702
3259    87H52H52+5RP    41.00795872581498    -76.44791197896339
3260    87H52H52+5R2    41.00788628292698    -76.44797733978842
3261    87H52H52+5R2    41.00787774455048    -76.44799583700517
3262    87H52H52+5R5    41.007899743979465    -76.4478865719263
3263    87H52H52+5V6    41.0079156939489    -76.44785107869487
3264    87H52H52+5V7    41.00792003211161    -76.44784116032054
3265    87H52H52+5V3    41.00789475347003    -76.4478345556152
3266    87H52H52+5V3    41.00788217366136    -76.44782461414485
3267    87H52H52+5VG    41.00793676401387    -76.44780440428802
3268    87H52H52+5VQ    41.00795341178236    -76.4477677501532
3269    87H52H52+5R4    41.00788600157731    -76.44791665133313
3270    87H52H52+4RR    41.007857397957146    -76.44798004974209
3271    87H52H52+4VC    41.00781110838137    -76.44785776811376
3272    87H52H52+4VM    41.007826638237006    -76.4478235000518
3273    87H52H52+4VP    41.00783950010289    -76.44779522053601
3274    87H52H52+4VP    41.00783074828004    -76.44778821811673
3275    87H52H52+4VX    41.00785369630649    -76.44776363774409
3276    87H52H52+4VQ    41.00784493136242    -76.44775682461909
3277    87H52H52+4WR    41.007853708906076    -76.44773745005706
3278    87H52H52+4WV    41.00786510818176    -76.44771230106713
3279    87H52H52+4WV    41.00786978425886    -76.44770193383873
3280    87H52H52+4WM    41.00782733208291    -76.44771656763929
3281    87H52H52+4WF    41.00781580744557    -76.44770756131597
3282    87H52H52+4WF    41.00782086754568    -76.44769620409056
3283    87H52H52+4WC    41.00780169169776    -76.44773855717104
3284    87H52H52+4V9    41.007785093672815    -76.44777517978015
3285    87H52H52+4V5    41.007771724421445    -76.44776467583482
3286    87H52H52+3WR    41.00774644002829    -76.44774471978559
3287    87H52H52+3WR    41.007749229537644    -76.44773846525833
3288    87H52H52+4W2    41.00775774326691    -76.4477193443911
3289    87H52H52+3WX    41.00774406062476    -76.44764659596639
3290    87H52H52+3WX    41.007747695485556    -76.44763868770487
3291    87H52H52+4W5    41.007751633934454    -76.4476297644955
3292    87H52H52+4W8    41.00777785035961    -76.44766223279723
3293    87H52H52+4W8    41.00778515373562    -76.44766805268772
3294    87H52H52+4W4    41.007768814394254    -76.4476820965551
3295    87H52H52+3XR    41.00773691383992    -76.44761834316469
3296    87H52H52+3XJ    41.00771283245751    -76.44759948007128
3297    87H52H52+3XW    41.00773165953432    -76.44755816348888
3298    87H52H52+3WM    41.00772256189324    -76.44771756543707
3299    87H52H52+3WM    41.007703382222346    -76.44770272314454
3300    87H52H52+3WF    41.00769101643936    -76.44769289561691
3301    87H52H52+3WG    41.00768261238047    -76.44768615487591
3302    87H52H52+3W6    41.00765847922001    -76.44773947297246
3303    87H52H52+3V9    41.007650024015476    -76.44775832947386
3304    87H52H52+3VW    41.00772568043811    -76.44779057049219
3305    87H52H52+3VC    41.00769702455796    -76.44785391115211
3306    87H52H52+3VC    41.00768815500451    -76.44787325147418
3307    87H52H52+2VV    41.007611549461366    -76.44784315247757
3308    87H52H52+2VR    41.00760382484927    -76.44786023757054
3309    87H52H52+3R5    41.00762545337946    -76.4478771180246
3310    87H52H52+2VR    41.00761314403233    -76.44786756192072
3311    87H52H52+3R4    41.00764925481121    -76.447928513282
3312    87H52H52+3R8    41.00765956629393    -76.4479366056248
3313    87H52H52+3R2    41.0076279666425    -76.44797552264527
3314    87H52H52+2RM    41.00758802643234    -76.44794413798108
3315    87H52H52+2RM    41.00758169694325    -76.44795801558199
3316    87H52H52+2RF    41.00755845299392    -76.44793980668219
3317    87H52H52+2R6    41.00753955734056    -76.44798133978324
3319    87H52H52+3Q9    41.00767120193431    -76.44801477425403
3320    87H52H52+3RR    41.007726034134926    -76.4479889070583
3321    87H52H52+3QF    41.00768779998646    -76.44807324929252
3322    87H52H52+3QF    41.00768375291091    -76.44808220667612
3323    87H52H52+3RR    41.00773612565814    -76.44799683590699
3324    87H52H52+4Q3    41.00775732901039    -76.44808246071231
3325    87H52H52+4Q3    41.00776670631937    -76.44808985830716
3326    87H52H52+4Q6    41.007791634839485    -76.44810938128391
3327    87H52H52+4QF    41.007819922703455    -76.44806264979947
3328    87H52H52+4QF    41.00780737554589    -76.44809096383628
3329    87H52H52+4PH    41.00781415562037    -76.44812701000862
3330    87H52H52+4PQ    41.00784482682875    -76.44815119188317
3331    87H52H52+4PP    41.00783937750377    -76.44816355545984
3332    87H52H52+4PW    41.00785841221412    -76.44817857823007
3333    87H52H52+4PM    41.00784025050505    -76.44821838933544
3334    87H52H52+4QM    41.007849216853025    -76.44808561289666
3335    87H52H52+4QV    41.00785808086985    -76.4480925096937
3336    87H52H52+4QW    41.007874635402395    -76.44805607457356
3337    87H52H52+5Q4    41.00788077851111    -76.44804231353986
3338    87H52H52+5Q3    41.00788766588691    -76.44806624752464
3339    87H52H52+5Q3    41.00788168895637    -76.44807930007607
3340    87H52H52+5Q8    41.00790282982467    -76.44803264810628
********
Total # of nodes: 143 **********

***********Edges************

3341 3321
3341 3319
3341 3324
3358 3257
3364 3265
3374 3283
3384 3309
3249 3248
3250 3361
3250 3249
3251 3250
3252 3251
3253 3252
3254 3253
3254 3255
3255 3256
3256 3358
3256 3260
3257 3258
3257 3359
3258 3259
3259 3360
3260 3357
3260 3261
3261 3270
3262 3254
3262 3263
3263 3264
3264 3364
3264 3267
3265 3263
3265 3266
3266 3365
3267 3268
3267 3363
3268 3362
3269 3262
3270 3269
3270 3327
3271 3304
3271 3269
3272 3366
3272 3367
3272 3271
3273 3274
3273 3272
3274 3276
3275 3273
3275 3370
3276 3275
3277 3278
3277 3371
3277 3276
3278 3279
3278 3373
3279 3372
3280 3369
3280 3277
3281 3282
3281 3280
3282 3293
3283 3284
3283 3281
3284 3285
3285 3368
3286 3304
3286 3285
3287 3286
3287 3288
3288 3289
3289 3290
3290 3291
3290 3292
3291 3295
3292 3293
3292 3294
3293 3375
3294 3374
3295 3376
3295 3296
3296 3297
3298 3377
3298 3287
3299 3378
3299 3298
3300 3379
3300 3299
3301 3380
3301 3300
3302 3381
3302 3301
3303 3386
3303 3302
3304 3305
3305 3382
3306 3305
3306 3383
3306 3312
3307 3385
3307 3303
3308 3307
3308 3387
3309 3310
3310 3388
3310 3308
3311 3313
3311 3384
3312 3311
3313 3318
3313 3314
3314 3315
3315 3389
3315 3316
3316 3317
3318 3342
3319 3343
3320 3323
3320 3341
3320 3312
3321 3345
3321 3322
3322 3344
3323 3327
3324 3346
3324 3325
3325 3348
3325 3326
3326 3347
3326 3349
3326 3329
3327 3334
3328 3327
3329 3328
3329 3330
3330 3331
3331 3247
3331 3332
3332 3333
3334 3350
3334 3335
3335 3336
3336 3337
3336 3353
3336 3338
3337 3351
3337 3352
3338 3339
3338 3340
3339 3354
3339 3355
3340 3356
Total # of Edges: 151