
***********Nodes************

Bathroom
3214    87H52H52+5W3    41.007888177546896    -76.44770996977492
3215    87H52H52+4V8    41.00778045527659    -76.44779436344152
3216    87H52H52+4WF    41.007823217097716    -76.44770670648406
3217    87H52H52+4WG    41.007814169214676    -76.4476702176614
3218    87H52H52+4WG    41.00780212179229    -76.44766171221357
3219    87H52H52+4W3    41.00775593335035    -76.4477103264083
3220    87H52H52+3WG    41.00769665696462    -76.44768138984378
3221    87H52H52+3W8    41.007669015965305    -76.44768603904271
3222    87H52H52+3WP    41.00771809872236    -76.44768209268913
3223    87H52H52+3WJ    41.00770199584622    -76.44773758681062
3224    87H52H52+3VQ    41.00771721540761    -76.44775004366333
3225    87H52H52+3R9    41.00765427590694    -76.4478926902522
3226    87H52H52+3V5    41.007647968914235    -76.44777413213724
3227    87H52H52+2VV    41.00761528391671    -76.44782193911273
3228    87H52H52+2RP    41.00758337439568    -76.44791639545537
3229    87H52H52+3R4    41.0076304027806    -76.44793296025982
3230    87H52H52+2QX    41.00761798108536    -76.44801766253318
3231    87H52H52+3QP    41.00771975760566    -76.44803496636378
3232    87H52H52+5Q2    41.0078765069467    -76.44810134258175
3233    87H52H52+4QM    41.00784127100946    -76.4480815457217
3234    87H52H52+5Q3    41.007889660831054    -76.44808479282337
3235    87H52H52+5Q9    41.00792388498059    -76.44800929746219
3236    87H52H52+5RC    41.007930220935116    -76.44799615949469
3237    87H52H52+5R8    41.007918453613065    -76.44790821526797
3238    87H52H52+5R5    41.00789433844396    -76.44788027201169
3239    87H52H52+5RQ    41.00796783499696    -76.44789394545552
3240    87H52H52+5RH    41.00794852624754    -76.44789197088423
3241    87H52H52+4VV    41.00785231492595    -76.44782839555812
3242    87H52H52+5V7    41.00791149321521    -76.44784015316716
3243    87H52H52+5V8    41.0079151420274    -76.44779034094647
3244    87H52H52+5VH    41.007928825006026    -76.44776051731374
3245    87H52H52+2RC    41.00757179053778    -76.44797876251668
3246    87H52H52+4P9    41.007786199909674    -76.44813354515999

Entrance
3114    87H52H52+5X6    41.00791176134581    -76.44761152544224

Elevator
3120    87H52H52+4PF    41.00782362649392    -76.44820425887634

Point
3121    87H52H52+4WV    41.00787271100155    -76.44769770967875
3122    87H52H52+4WR    41.00785290407212    -76.4477414918016
3123    87H52H52+4VQ    41.00783542516933    -76.44778027581394
3124    87H52H52+4V9    41.00779958222356    -76.44775229412949
3125    87H52H52+4W6    41.00778296629513    -76.4477392169496
3126    87H52H52+4V5    41.0077708336438    -76.4477659813269
3127    87H52H52+4V4    41.007763887751764    -76.44778141058505
3128    87H52H52+4WF    41.00780430772158    -76.44769190867798
3129    87H52H52+4W8    41.00779249276933    -76.44768262721813
3130    87H52H52+4W4    41.007769713303816    -76.44766481341848
3131    87H52H52+3WX    41.00774413162418    -76.44764478308197
3132    87H52H52+3WP    41.00772471596075    -76.44768733513112
3133    87H52H52+3WX    41.00772523012106    -76.44762984068011
3134    87H52H52+3XR    41.00772983776834    -76.44761909134604
3135    87H52H52+3XJ    41.00771187449471    -76.44760475353317
3136    87H52H52+3XV    41.00773023332002    -76.44756423353817
3137    87H52H52+3XP    41.0077161405524    -76.44755316330988
3138    87H52H52+3XF    41.00769772424163    -76.44759370848712
3139    87H52H52+3WM    41.007710546394904    -76.44771860695622
3140    87H52H52+3WF    41.00768791594808    -76.44770076422225
3141    87H52H52+3WR    41.00772596863944    -76.44773075752695
3142    87H52H52+3WR    41.007736295342845    -76.44773892904824
3143    87H52H52+4W3    41.00775108533661    -76.44770630704221
3144    87H52H52+4VW    41.0078639414306    -76.44780251284894
3145    87H52H52+5VR    41.007987676270254    -76.44784730717785
3146    87H52H52+5VV    41.007995915820565    -76.44782945943292
3147    87H52H52+6V3    41.00800975620522    -76.44784037928574
3148    87H52H52+6V8    41.008028728956184    -76.4477984190679
3149    87H52H52+6V8    41.00804252511724    -76.44780927549337
3150    87H52H52+6V2    41.008023530960884    -76.44785117953843
3151    87H52H52+4VC    41.00780196803631    -76.44785411544018
3152    87H52H52+4RX    41.00785158180518    -76.44789314441161
3153    87H52H52+4RX    41.007865930566204    -76.44790435348482
3154    87H52H52+5R7    41.00792275768477    -76.44794893980257
3155    87H52H52+5RG    41.007938255105856    -76.44791445995209
3156    87H52H52+5RP    41.007952928509944    -76.447926091216
3157    87H52H52+5R9    41.00792159647819    -76.44790155815373
3158    87H52H52+5R6    41.00790895157954    -76.44797948353293
3159    87H52H52+5R6    41.00790276107111    -76.44799280481222
3160    87H52H52+4QV    41.007868689832215    -76.44806840858203
3161    87H52H52+4QW    41.00785287022979    -76.44805594286207
3162    87H52H52+4QV    41.00785963482176    -76.44808826884557
3163    87H52H52+4PQ    41.00783730970447    -76.44813763158703
3164    87H52H52+4PP    41.00782809437356    -76.44815784725627
3165    87H52H52+4PP    41.00784033731806    -76.44816750707601
3166    87H52H52+4PW    41.0078561796598    -76.44817994732222
3167    87H52H52+4PV    41.00787081433662    -76.44819140152845
3168    87H52H52+4PR    41.00785345411724    -76.44822991796852
3169    87H52H52+4PM    41.007838689090164    -76.44821831515597
3170    87H52H52+4Q6    41.00779824489577    -76.4481068182299
3171    87H52H52+4Q7    41.00778036392824    -76.44809292208251
3172    87H52H52+4Q7    41.00779125667734    -76.44806925985027
3173    87H52H52+4Q8    41.00777687524702    -76.44805807690811
3174    87H52H52+4RJ    41.00783588159916    -76.44797033611074
3175    87H52H52+4RF    41.00782156355315    -76.44795911169575
3176    87H52H52+4R9    41.00779235402756    -76.44787515594743
3177    87H52H52+4R4    41.007772078340075    -76.44792021461967
3178    87H52H52+4R4    41.007767438189255    -76.44793052920036
3179    87H52H52+3VV    41.00774913240611    -76.44784116294309
3180    87H52H52+3VV    41.00774007916132    -76.44783403065118
3181    87H52H52+3VV    41.007732052303695    -76.44782774261316
3182    87H52H52+3VJ    41.007711686095035    -76.44787273407486
3183    87H52H52+3RX    41.00772880382498    -76.4478862156204
3184    87H52H52+3RP    41.00770702451809    -76.44793409175973
3185    87H52H52+3RG    41.00769000238395    -76.4479206767548
3186    87H52H52+3RM    41.00771243444129    -76.44796171794162
3187    87H52H52+3Q9    41.00765343448244    -76.44800143586923
3188    87H52H52+3Q5    41.00764412597993    -76.44802186142145
3189    87H52H52+2QX    41.00762342767499    -76.44800561420402
3190    87H52H52+2RR    41.00760365353076    -76.44799026441304
3191    87H52H52+2RR    41.007613011439176    -76.4479697262537
3192    87H52H52+2RV    41.00760154721813    -76.44796077945938
3193    87H52H52+2RM    41.007591930787086    -76.44795328571641
3194    87H52H52+2RM    41.00758563628826    -76.44794833927209
3195    87H52H52+2RM    41.007580006353564    -76.44796092815429
3196    87H52H52+2RF    41.007558444401724    -76.44794399896685
3197    87H52H52+2R8    41.007543992343685    -76.44793275821903
3198    87H52H52+2R6    41.00752549081194    -76.44797341076547
3199    87H52H52+2R6    41.007540029926176    -76.44798465839312
3200    87H52H52+2RW    41.007602108380475    -76.4479310759605
3201    87H52H52+2RW    41.007618435334315    -76.44792360115228
3202    87H52H52+3R5    41.0076366507261    -76.44788300907757
3203    87H52H52+3R5    41.00762704605557    -76.4478755548424
3204    87H52H52+3V2    41.00763813757386    -76.44785138563859
3205    87H52H52+3V2    41.00764763037798    -76.44785888143845
3206    87H52H52+3V6    41.00766379449442    -76.44787150471338
3207    87H52H52+2VR    41.007608269326155    -76.44786073665358
3208    87H52H52+2VV    41.007623134690334    -76.4478278372056
3209    87H52H52+3V4    41.00763770896588    -76.4477957903996
3210    87H52H52+3V8    41.007656632606924    -76.44781062154752
3211    87H52H52+3V8    41.007666551074514    -76.44778872381258
3212    87H52H52+3QX    41.00772709179405    -76.44801892047101
3213    87H52H52+3RC    41.00769710209983    -76.44799551049533

Stairs
3115    87H52H52+2R6    41.00752957023558    -76.44797650192764
3116    87H52H52+4PJ    41.00784807929311    -76.44822563873713
3117    87H52H52+6V8    41.008036504376335    -76.44780456109372
3118    87H52H52+3XP    41.00772055980896    -76.4475565850049
3119    87H52H52+4R6    41.00777833883658    -76.4479862001661
********
Total # of nodes: 133 **********

***********Edges************

3215 3124
3225 3185
3226 3211
3243 3244
3243 3145
3114 3121
3121 3214
3121 3122
3122 3243
3122 3123
3123 3144
3123 3151
3123 3124
3124 3125
3125 3126
3125 3128
3126 3127
3127 3215
3127 3180
3128 3217
3128 3216
3128 3129
3129 3218
3129 3130
3130 3131
3130 3143
3131 3133
3132 3131
3132 3222
3133 3134
3134 3135
3135 3136
3135 3138
3137 3118
3138 3137
3139 3223
3139 3132
3139 3140
3140 3220
3140 3221
3141 3224
3141 3139
3142 3141
3142 3126
3143 3219
3143 3142
3144 3241
3144 3242
3145 3146
3146 3147
3147 3150
3148 3147
3149 3117
3150 3149
3151 3176
3151 3152
3152 3153
3153 3174
3154 3153
3154 3155
3155 3240
3155 3156
3155 3157
3156 3239
3157 3237
3157 3238
3158 3154
3158 3236
3159 3158
3159 3235
3160 3234
3160 3161
3160 3159
3161 3233
3162 3160
3162 3232
3163 3164
3163 3162
3164 3165
3165 3120
3165 3166
3166 3167
3167 3168
3168 3116
3169 3166
3170 3163
3170 3246
3171 3170
3172 3174
3172 3171
3173 3172
3174 3175
3175 3173
3175 3177
3175 3152
3177 3178
3177 3183
3177 3176
3178 3119
3179 3176
3180 3179
3180 3181
3181 3182
3182 3183
3183 3179
3183 3184
3184 3185
3184 3186
3185 3182
3186 3213
3187 3191
3187 3185
3188 3187
3189 3230
3189 3188
3190 3189
3191 3190
3192 3201
3192 3191
3193 3192
3193 3194
3194 3195
3195 3245
3195 3196
3196 3197
3196 3199
3197 3198
3198 3115
3200 3193
3200 3228
3201 3202
3201 3229
3202 3203
3203 3204
3203 3207
3203 3200
3204 3205
3205 3206
3205 3202
3206 3225
3207 3208
3208 3227
3209 3208
3210 3209
3210 3204
3211 3210
3212 3231
3212 3173
3213 3212
Total # of Edges: 149